1648782000.0 0.7 99.0 970.0 ND 
1648785600.0 0.7 99.0 962.0 ND 
1648789200.0 4.1 100.0 960.0 ND 
1648792800.0 4.2 100.0 959.0 ND 
1648796400.0 3.4 99.0 962.0 ND 
1648800000.0 2.5 99.0 960.0 ND 
1648803600.0 2.0 100.0 971.0 ND 
1648807200.0 2.4 97.0 969.0 ND 
1648810800.0 1.9 95.0 970.0 ND 
1648814400.0 1.9 94.0 969.0 ND 
1648818000.0 1.7 89.0 970.0 ND 
1648821600.0 2.3 89.0 971.0 ND 
1648825200.0 3.2 82.0 964.0 ND 
1648828800.0 3.5 75.0 956.0 ND 
1648832400.0 3.1 82.0 954.0 ND 
1648836000.0 2.1 86.0 953.0 ND 
1648839600.0 1.6 91.0 959.0 ND 
1648843200.0 0.7 87.0 967.0 ND 
1648846800.0 0.2 89.0 970.0 ND 
1648850400.0 -1.6 82.0 979.0 ND 
1648854000.0 -2.6 84.0 982.0 ND 
1648857600.0 -3.7 82.0 986.0 ND 
1648861200.0 -4.4 82.0 995.0 ND 
1648864800.0 -5.7 79.0 1006.0 ND 
1648868400.0 -6.0 77.0 1008.0 ND 
1648872000.0 -6.9 76.0 929.0 ND 
1648875600.0 -7.2 79.0 938.0 ND 
1648879200.0 -7.3 80.0 945.0 ND 
1648882800.0 -7.2 83.0 952.0 ND 
1648886400.0 -7.2 84.0 958.0 ND 
1648890000.0 -7.3 83.0 972.0 ND 
1648893600.0 -7.2 79.0 980.0 ND 
1648897200.0 -6.8 74.0 991.0 ND 
1648900800.0 -6.3 75.0 998.0 ND 
1648904400.0 -5.3 69.0 1006.0 ND 
1648908000.0 -3.9 62.0 1012.0 ND 
1648911600.0 -2.4 60.0 1013.0 ND 
1648915200.0 -1.7 55.0 1011.0 ND 
1648918800.0 -0.7 53.0 1013.0 ND 
1648922400.0 0.0 49.0 1016.0 ND 
1648926000.0 0.2 44.0 931.0 ND 
1648929600.0 -0.3 41.0 935.0 ND 
1648933200.0 -1.7 49.0 938.0 ND 
1648936800.0 -2.8 53.0 944.0 ND 
1648940400.0 -4.0 60.0 948.0 ND 
1648944000.0 -6.6 73.0 948.0 ND 
1648947600.0 -4.5 61.0 944.0 ND 
1648951200.0 -4.4 61.0 941.0 ND 
1648954800.0 -5.2 65.0 942.0 ND 
1648958400.0 -5.6 66.0 948.0 ND 
1648962000.0 -8.8 81.0 949.0 ND 
1648965600.0 -9.9 85.0 947.0 ND 
1648969200.0 -8.9 86.0 942.0 ND 
1648972800.0 -5.2 70.0 935.0 ND 
1648976400.0 -4.4 67.0 937.0 ND 
1648980000.0 -3.2 63.0 941.0 ND 
1648983600.0 -0.9 49.0 945.0 ND 
1648987200.0 0.5 34.0 945.0 ND 
1648990800.0 1.6 27.0 939.0 ND 
1648994400.0 2.7 28.0 932.0 ND 
1648998000.0 3.8 28.0 1017.0 ND 
1649001600.0 4.5 30.0 1012.0 ND 
1649005200.0 5.1 30.0 1009.0 ND 
1649008800.0 3.8 34.0 1011.0 ND 
1649012400.0 3.7 35.0 1010.0 ND 
1649016000.0 2.6 38.0 1012.0 ND 
1649019600.0 1.0 39.0 1015.0 ND 
1649023200.0 0.1 42.0 930.0 ND 
1649026800.0 -0.7 46.0 930.0 ND 
1649030400.0 -0.8 44.0 1018.0 ND 
1649034000.0 -1.0 43.0 1017.0 ND 
1649037600.0 -1.8 45.0 1015.0 ND 
1649041200.0 -2.7 49.0 1014.0 ND 
1649044800.0 -3.2 51.0 1013.0 ND 
1649048400.0 -3.1 48.0 1012.0 ND 
1649052000.0 -3.6 49.0 1011.0 ND 
1649055600.0 -4.2 50.0 1012.0 ND 
1649059200.0 -6.5 63.0 1015.0 ND 
1649062800.0 -7.0 64.0 933.0 ND 
1649066400.0 -3.4 49.0 937.0 ND 
1649070000.0 -1.4 43.0 936.0 ND 
1649073600.0 0.1 37.0 935.0 ND 
1649077200.0 1.2 29.0 934.0 ND 
1649080800.0 2.7 27.0 1019.0 ND 
1649084400.0 3.2 27.0 1017.0 ND 
1649088000.0 3.3 25.0 1014.0 ND 
1649091600.0 3.6 24.0 1016.0 ND 
1649095200.0 4.0 28.0 1017.0 ND 
1649098800.0 3.5 28.0 930.0 ND 
1649102400.0 2.4 29.0 933.0 ND 
1649106000.0 -0.2 32.0 937.0 ND 
1649109600.0 -3.9 55.0 939.0 ND 
1649113200.0 -4.6 54.0 942.0 ND 
1649116800.0 -2.8 42.0 942.0 ND 
1649120400.0 -7.4 65.0 943.0 ND 
1649124000.0 -9.6 77.0 946.0 ND 
1649127600.0 -10.4 79.0 949.0 ND 
1649131200.0 -11.5 84.0 951.0 ND 
1649134800.0 -11.9 84.0 952.0 ND 
1649138400.0 -13.2 86.0 951.0 ND 
1649142000.0 -13.7 88.0 957.0 ND 
1649145600.0 -14.4 89.0 962.0 ND 
1649149200.0 -14.2 88.0 967.0 ND 
1649152800.0 -7.8 65.0 971.0 ND 
1649156400.0 -2.2 43.0 973.0 ND 
1649160000.0 -0.6 36.0 974.0 ND 
1649163600.0 1.1 24.0 970.0 ND 
1649167200.0 2.2 19.0 969.0 ND 
1649170800.0 3.7 22.0 968.0 ND 
1649174400.0 4.5 15.0 966.0 ND 
1649178000.0 4.5 18.0 967.0 ND 
1649181600.0 4.6 17.0 966.0 ND 
1649185200.0 4.6 17.0 968.0 ND 
1649188800.0 4.0 17.0 972.0 ND 
1649192400.0 -0.7 37.0 981.0 ND 
1649196000.0 -3.4 52.0 989.0 ND 
1649199600.0 -4.4 55.0 989.0 ND 
1649203200.0 -6.3 66.0 993.0 ND 
1649206800.0 -8.2 73.0 992.0 ND 
1649210400.0 -8.9 75.0 999.0 ND 
1649214000.0 -10.0 79.0 997.0 ND 
1649217600.0 -11.1 81.0 997.0 ND 
1649221200.0 -12.2 82.0 996.0 ND 
1649224800.0 -12.4 86.0 999.0 ND 
1649228400.0 -13.4 86.0 1001.0 ND 
1649232000.0 -14.1 87.0 1001.0 ND 
1649235600.0 -12.9 85.0 1003.0 ND 
1649239200.0 -6.0 56.0 1003.0 ND 
1649242800.0 -0.6 31.0 1001.0 ND 
1649246400.0 3.5 23.0 997.0 ND 
1649250000.0 4.8 24.0 996.0 ND 
1649253600.0 5.7 20.0 993.0 ND 
1649257200.0 7.0 17.0 986.0 ND 
1649260800.0 7.9 14.0 979.0 ND 
1649264400.0 8.6 15.0 974.0 ND 
1649268000.0 8.4 21.0 972.0 ND 
1649271600.0 6.8 24.0 976.0 ND 
1649275200.0 5.5 28.0 975.0 ND 
1649278800.0 2.3 38.0 984.0 ND 
1649282400.0 -2.3 62.0 987.0 ND 
1649286000.0 -3.1 66.0 992.0 ND 
1649289600.0 -3.7 68.0 997.0 ND 
1649293200.0 -3.1 60.0 990.0 ND 
1649296800.0 -4.1 64.0 991.0 ND 
1649300400.0 -1.8 51.0 988.0 ND 
1649304000.0 -2.1 55.0 987.0 ND 
1649307600.0 -3.5 63.0 988.0 ND 
1649311200.0 -4.9 73.0 987.0 ND 
1649314800.0 -5.0 77.0 987.0 ND 
1649318400.0 -3.6 72.0 986.0 ND 
1649322000.0 -1.7 60.0 987.0 ND 
1649325600.0 -0.8 55.0 991.0 ND 
1649329200.0 2.0 39.0 987.0 ND 
1649332800.0 2.3 36.0 987.0 ND 
1649336400.0 2.6 27.0 988.0 ND 
1649340000.0 4.5 26.0 982.0 ND 
1649343600.0 3.9 33.0 983.0 ND 
1649347200.0 3.4 37.0 986.0 ND 
1649350800.0 4.5 34.0 981.0 ND 
1649354400.0 4.7 36.0 980.0 ND 
1649358000.0 5.2 34.0 972.0 ND 
1649361600.0 4.3 38.0 976.0 ND 
1649365200.0 3.5 40.0 979.0 ND 
1649368800.0 3.0 44.0 989.0 ND 
1649372400.0 2.3 53.0 988.0 ND 
1649376000.0 1.2 65.0 981.0 ND 
1649379600.0 0.2 82.0 977.0 ND 
1649383200.0 -0.2 90.0 966.0 ND 
1649386800.0 -0.3 90.0 961.0 ND 
1649390400.0 -0.7 89.0 956.0 ND 
1649394000.0 -0.6 93.0 944.0 ND 
1649397600.0 -0.5 94.0 933.0 ND 
1649401200.0 -0.5 95.0 1013.0 ND 
1649404800.0 -0.7 95.0 1008.0 ND 
1649408400.0 -1.0 94.0 1001.0 ND 
1649412000.0 -1.1 94.0 995.0 ND 
1649415600.0 -0.9 92.0 982.0 ND 
1649419200.0 -0.8 92.0 973.0 ND 
1649422800.0 -0.7 93.0 965.0 ND 
1649426400.0 -0.6 93.0 961.0 ND 
1649430000.0 -0.5 93.0 954.0 ND 
1649433600.0 0.1 92.0 948.0 ND 
1649437200.0 -0.1 92.0 943.0 ND 
1649440800.0 0.2 92.0 941.0 ND 
1649444400.0 0.5 92.0 940.0 ND 
1649448000.0 0.2 94.0 941.0 ND 
1649451600.0 0.1 96.0 942.0 ND 
1649455200.0 0.1 98.0 943.0 ND 
1649458800.0 0.1 98.0 950.0 ND 
1649462400.0 0.1 98.0 952.0 ND 
1649466000.0 0.3 97.0 953.0 ND 
1649469600.0 0.0 97.0 955.0 ND 
1649473200.0 -0.1 97.0 953.0 ND 
1649476800.0 -0.2 97.0 953.0 ND 
1649480400.0 -0.5 94.0 956.0 ND 
1649484000.0 -0.4 95.0 957.0 ND 
1649487600.0 -1.2 98.0 958.0 ND 
1649491200.0 -0.8 97.0 956.0 ND 
1649494800.0 -0.5 94.0 961.0 ND 
1649498400.0 0.3 94.0 964.0 ND 
1649502000.0 0.9 90.0 964.0 ND 
1649505600.0 1.7 83.0 964.0 ND 
1649509200.0 1.8 87.0 963.0 ND 
1649512800.0 2.6 86.0 961.0 ND 
1649516400.0 2.3 88.0 956.0 ND 
1649520000.0 1.7 91.0 954.0 ND 
1649523600.0 1.9 91.0 947.0 ND 
1649527200.0 2.2 90.0 941.0 ND 
1649530800.0 2.0 91.0 940.0 ND 
1649534400.0 1.6 94.0 939.0 ND 
1649538000.0 0.8 97.0 937.0 ND 
1649541600.0 0.2 98.0 936.0 ND 
1649545200.0 0.2 98.0 934.0 ND 
1649548800.0 0.1 98.0 930.0 ND 
1649552400.0 0.2 99.0 927.0 ND 
1649556000.0 0.1 99.0 925.0 ND 
1649559600.0 0.1 99.0 925.0 ND 
1649563200.0 0.1 99.0 923.0 ND 
1649566800.0 0.7 95.0 922.0 ND 
1649570400.0 1.0 94.0 920.0 ND 
1649574000.0 0.8 93.0 920.0 ND 
1649577600.0 0.3 96.0 922.0 ND 
1649581200.0 1.0 89.0 922.0 ND 
1649584800.0 1.2 89.0 923.0 ND 
1649588400.0 2.0 85.0 924.0 ND 
1649592000.0 2.1 83.0 927.0 ND 
1649595600.0 2.8 82.0 929.0 ND 
1649599200.0 2.5 81.0 930.0 ND 
1649602800.0 2.7 78.0 931.0 ND 
1649606400.0 2.9 75.0 932.0 ND 
1649610000.0 2.7 77.0 934.0 ND 
1649613600.0 2.6 78.0 937.0 ND 
1649617200.0 2.4 77.0 942.0 ND 
1649620800.0 1.5 86.0 952.0 ND 
1649624400.0 0.9 88.0 961.0 ND 
1649628000.0 0.6 89.0 970.0 ND 
1649631600.0 0.4 88.0 981.0 ND 
1649635200.0 0.1 88.0 988.0 ND 
1649638800.0 -0.3 88.0 995.0 ND 
1649642400.0 -0.5 84.0 1001.0 ND 
1649646000.0 -0.8 85.0 1011.0 ND 
1649649600.0 -1.0 85.0 932.0 ND 
1649653200.0 -1.1 86.0 936.0 ND 
1649656800.0 -1.3 88.0 937.0 ND 
1649660400.0 -1.8 90.0 947.0 ND 
1649664000.0 -2.0 90.0 957.0 ND 
1649667600.0 -2.0 89.0 966.0 ND 
1649671200.0 -2.0 85.0 972.0 ND 
1649674800.0 -0.5 78.0 974.0 ND 
1649678400.0 1.1 72.0 972.0 ND 
1649682000.0 3.6 64.0 964.0 ND 
1649685600.0 4.8 52.0 963.0 ND 
1649689200.0 6.0 46.0 957.0 ND 
1649692800.0 6.9 48.0 961.0 ND 
1649696400.0 7.6 46.0 961.0 ND 
1649700000.0 8.4 39.0 954.0 ND 
1649703600.0 8.5 33.0 952.0 ND 
1649707200.0 7.8 37.0 947.0 ND 
1649710800.0 4.8 53.0 949.0 ND 
1649714400.0 2.7 64.0 955.0 ND 
1649718000.0 2.7 64.0 958.0 ND 
1649721600.0 0.8 75.0 962.0 ND 
1649725200.0 0.1 79.0 950.0 ND 
1649728800.0 0.4 81.0 947.0 ND 
1649732400.0 0.8 80.0 941.0 ND 
1649736000.0 0.1 83.0 934.0 ND 
1649739600.0 0.4 82.0 930.0 ND 
1649743200.0 1.9 77.0 1019.0 ND 
1649746800.0 1.1 93.0 933.0 ND 
1649750400.0 0.3 96.0 930.0 ND 
1649754000.0 0.3 98.0 937.0 ND 
1649757600.0 0.6 96.0 939.0 ND 
1649761200.0 1.1 94.0 938.0 ND 
1649764800.0 2.1 92.0 934.0 ND 
1649768400.0 3.8 84.0 932.0 ND 
1649772000.0 5.2 77.0 934.0 ND 
1649775600.0 6.8 66.0 1019.0 ND 
1649779200.0 7.7 52.0 930.0 ND 
1649782800.0 9.2 36.0 932.0 ND 
1649786400.0 8.9 32.0 934.0 ND 
1649790000.0 7.4 30.0 943.0 ND 
1649793600.0 7.8 23.0 948.0 ND 
1649797200.0 6.5 28.0 957.0 ND 
1649800800.0 5.0 44.0 968.0 ND 
1649804400.0 3.6 51.0 972.0 ND 
1649808000.0 -0.1 70.0 973.0 ND 
1649811600.0 -1.6 79.0 971.0 ND 
1649815200.0 -3.2 86.0 975.0 ND 
1649818800.0 -3.3 88.0 978.0 ND 
1649822400.0 -4.7 89.0 979.0 ND 
1649826000.0 -5.6 94.0 984.0 ND 
1649829600.0 -6.0 94.0 989.0 ND 
1649833200.0 -7.0 95.0 995.0 ND 
1649836800.0 -7.8 92.0 997.0 ND 
1649840400.0 -6.4 94.0 1000.0 ND 
1649844000.0 -0.7 75.0 999.0 ND 
1649847600.0 4.6 45.0 990.0 ND 
1649851200.0 5.7 32.0 989.0 ND 
1649854800.0 7.6 27.0 984.0 ND 
1649858400.0 8.0 24.0 979.0 ND 
1649862000.0 8.0 28.0 979.0 ND 
1649865600.0 7.9 33.0 979.0 ND 
1649869200.0 8.1 31.0 974.0 ND 
1649872800.0 7.7 31.0 964.0 ND 
1649876400.0 7.6 31.0 966.0 ND 
1649880000.0 6.6 32.0 973.0 ND 
1649883600.0 5.4 41.0 972.0 ND 
1649887200.0 4.3 55.0 974.0 ND 
1649890800.0 2.1 68.0 976.0 ND 
1649894400.0 1.4 72.0 973.0 ND 
1649898000.0 1.1 76.0 978.0 ND 
1649901600.0 0.4 78.0 974.0 ND 
1649905200.0 -0.9 84.0 974.0 ND 
1649908800.0 -1.8 88.0 966.0 ND 
1649912400.0 -2.4 91.0 959.0 ND 
1649916000.0 -2.4 91.0 960.0 ND 
1649919600.0 -2.2 93.0 960.0 ND 
1649923200.0 1.3 92.0 953.0 ND 
1649926800.0 1.8 83.0 953.0 ND 
1649930400.0 3.7 72.0 950.0 ND 
1649934000.0 3.3 79.0 948.0 ND 
1649937600.0 2.6 89.0 945.0 ND 
1649941200.0 2.8 91.0 942.0 ND 
1649944800.0 2.7 92.0 937.0 ND 
1649948400.0 2.4 94.0 935.0 ND 
1649952000.0 2.6 93.0 933.0 ND 
1649955600.0 2.8 94.0 1019.0 ND 
1649959200.0 2.8 93.0 1018.0 ND 
1649962800.0 3.0 91.0 1015.0 ND 
1649966400.0 2.8 93.0 1015.0 ND 
1649970000.0 2.6 95.0 1013.0 ND 
1649973600.0 2.5 97.0 1018.0 ND 
1649977200.0 2.2 97.0 933.0 ND 
1649980800.0 1.5 98.0 933.0 ND 
1649984400.0 1.5 99.0 934.0 ND 
1649988000.0 1.2 99.0 940.0 ND 
1649991600.0 1.4 99.0 943.0 ND 
1649995200.0 2.9 88.0 947.0 ND 
1649998800.0 2.6 89.0 951.0 ND 
1650002400.0 -0.4 95.0 952.0 ND 
1650006000.0 -1.0 99.0 953.0 ND 
1650009600.0 -1.1 99.0 956.0 ND 
1650013200.0 -1.2 99.0 956.0 ND 
1650016800.0 1.2 94.0 959.0 ND 
1650020400.0 0.9 90.0 962.0 ND 
1650024000.0 4.4 78.0 955.0 ND 
1650027600.0 2.8 80.0 954.0 ND 
1650031200.0 4.3 71.0 952.0 ND 
1650034800.0 5.0 60.0 945.0 ND 
1650038400.0 5.0 54.0 941.0 ND 
1650042000.0 6.0 44.0 931.0 ND 
1650045600.0 5.1 52.0 1016.0 ND 
1650049200.0 6.0 47.0 1010.0 ND 
1650052800.0 5.9 47.0 1005.0 ND 
1650056400.0 5.2 52.0 998.0 ND 
1650060000.0 2.1 67.0 991.0 ND 
1650063600.0 2.0 88.0 995.0 ND 
1650067200.0 1.6 95.0 982.0 ND 
1650070800.0 2.6 91.0 977.0 ND 
1650074400.0 1.7 93.0 983.0 ND 
1650078000.0 1.3 89.0 983.0 ND 
1650081600.0 0.8 90.0 978.0 ND 
1650085200.0 0.5 89.0 977.0 ND 
1650088800.0 0.1 89.0 974.0 ND 
1650092400.0 -0.6 88.0 979.0 ND 
1650096000.0 -1.5 79.0 981.0 ND 
1650099600.0 -2.0 73.0 988.0 ND 
1650103200.0 -1.2 72.0 991.0 ND 
1650106800.0 -1.6 68.0 996.0 ND 
1650110400.0 -1.6 68.0 1003.0 ND 
1650114000.0 -1.5 64.0 1007.0 ND 
1650117600.0 -0.4 61.0 1008.0 ND 
1650121200.0 0.1 57.0 1006.0 ND 
1650124800.0 -0.1 56.0 1008.0 ND 
1650128400.0 0.7 53.0 1008.0 ND 
1650132000.0 0.2 56.0 1008.0 ND 
1650135600.0 0.4 52.0 1012.0 ND 
1650139200.0 0.1 55.0 1016.0 ND 
1650142800.0 -0.7 60.0 1017.0 ND 
1650146400.0 -1.3 64.0 931.0 ND 
1650150000.0 -2.6 71.0 936.0 ND 
1650153600.0 -2.9 72.0 935.0 ND 
1650157200.0 -3.2 71.0 932.0 ND 
1650160800.0 -3.5 75.0 932.0 ND 
1650164400.0 -3.6 78.0 930.0 ND 
1650168000.0 -5.0 79.0 1015.0 ND 
1650171600.0 -7.1 87.0 1014.0 ND 
1650175200.0 -6.4 88.0 1008.0 ND 
1650178800.0 -6.0 86.0 1010.0 ND 
1650182400.0 -4.9 88.0 1011.0 ND 
1650186000.0 -4.3 84.0 1014.0 ND 
1650189600.0 -3.0 82.0 1016.0 ND 
1650193200.0 -2.4 76.0 1019.0 ND 
1650196800.0 -1.3 67.0 930.0 ND 
1650200400.0 -1.4 67.0 934.0 ND 
1650204000.0 -0.6 63.0 934.0 ND 
1650207600.0 -0.2 64.0 935.0 ND 
1650211200.0 0.3 63.0 939.0 ND 
1650214800.0 1.7 60.0 940.0 ND 
1650218400.0 0.9 75.0 947.0 ND 
1650222000.0 0.8 81.0 956.0 ND 
1650225600.0 0.1 82.0 968.0 ND 
1650229200.0 -0.1 75.0 977.0 ND 
1650232800.0 -0.6 73.0 986.0 ND 
1650236400.0 -1.4 72.0 997.0 ND 
1650240000.0 -2.3 72.0 1003.0 ND 
1650243600.0 -3.2 77.0 1012.0 ND 
1650247200.0 -3.9 79.0 1024.0 ND 
1650250800.0 -4.3 81.0 940.0 ND 
1650254400.0 -4.8 81.0 947.0 ND 
1650258000.0 -5.2 82.0 952.0 ND 
1650261600.0 -5.1 83.0 956.0 ND 
1650265200.0 -5.0 82.0 968.0 ND 
1650268800.0 -5.2 81.0 975.0 ND 
1650272400.0 -5.1 81.0 988.0 ND 
1650276000.0 -5.0 80.0 994.0 ND 
1650279600.0 -4.1 74.0 994.0 ND 
1650283200.0 -1.6 65.0 997.0 ND 
1650286800.0 0.3 55.0 996.0 ND 
1650290400.0 2.6 42.0 991.0 ND 
1650294000.0 4.3 37.0 982.0 ND 
1650297600.0 5.7 29.0 971.0 ND 
1650301200.0 6.3 33.0 960.0 ND 
1650304800.0 5.5 41.0 977.0 ND 
1650308400.0 4.1 35.0 990.0 ND 
1650312000.0 3.7 34.0 983.0 ND 
1650315600.0 2.6 45.0 979.0 ND 
1650319200.0 -1.0 64.0 980.0 ND 
1650322800.0 -1.9 72.0 970.0 ND 
1650326400.0 -2.1 77.0 967.0 ND 
1650330000.0 1.5 49.0 967.0 ND 
1650333600.0 1.3 47.0 966.0 ND 
1650337200.0 1.2 49.0 955.0 ND 
1650340800.0 0.9 53.0 944.0 ND 
1650344400.0 1.2 56.0 1028.0 ND 
1650348000.0 1.4 58.0 1014.0 ND 
1650351600.0 1.0 59.0 1005.0 ND 
1650355200.0 -1.2 87.0 1003.0 ND 
1650358800.0 -2.0 95.0 990.0 ND 
1650362400.0 -1.1 90.0 972.0 ND 
1650366000.0 -1.6 93.0 963.0 ND 
1650369600.0 -1.7 90.0 935.0 ND 
1650373200.0 -1.5 89.0 997.0 ND 
1650376800.0 -0.5 82.0 983.0 ND 
1650380400.0 -0.1 82.0 964.0 ND 
1650384000.0 0.3 81.0 941.0 ND 
1650387600.0 1.0 81.0 923.0 ND 
1650391200.0 1.0 83.0 993.0 ND 
1650394800.0 0.5 89.0 984.0 ND 
1650398400.0 0.8 90.0 973.0 ND 
1650402000.0 0.8 92.0 973.0 ND 
1650405600.0 -0.1 93.0 984.0 ND 
1650409200.0 -1.2 92.0 988.0 ND 
1650412800.0 -1.3 93.0 986.0 ND 
1650416400.0 -1.1 92.0 986.0 ND 
1650420000.0 -1.2 92.0 989.0 ND 
1650423600.0 -1.1 92.0 991.0 ND 
1650427200.0 -1.1 93.0 995.0 ND 
1650430800.0 -1.3 94.0 999.0 ND 
1650434400.0 -1.4 91.0 1006.0 ND 
1650438000.0 -1.4 90.0 926.0 ND 
1650441600.0 -1.6 87.0 943.0 ND 
1650445200.0 -1.7 89.0 958.0 ND 
1650448800.0 -2.3 85.0 979.0 ND 
1650452400.0 -2.8 82.0 999.0 ND 
1650456000.0 -3.1 84.0 1019.0 ND 
1650459600.0 -3.3 84.0 944.0 ND 
1650463200.0 -3.4 85.0 961.0 ND 
1650466800.0 -3.1 85.0 975.0 ND 
1650470400.0 -2.7 83.0 988.0 ND 
1650474000.0 -2.5 83.0 1003.0 ND 
1650477600.0 -2.6 84.0 1020.0 ND 
1650481200.0 -2.8 85.0 945.0 ND 
1650484800.0 -2.6 81.0 959.0 ND 
1650488400.0 -2.6 78.0 975.0 ND 
1650492000.0 -2.9 77.0 987.0 ND 
1650495600.0 -2.8 80.0 999.0 ND 
1650499200.0 -2.8 83.0 1007.0 ND 
1650502800.0 -4.2 87.0 1015.0 ND 
1650506400.0 -4.6 89.0 1020.0 ND 
1650510000.0 -9.0 90.0 1025.0 ND 
1650513600.0 -8.8 91.0 1024.0 ND 
1650517200.0 -10.7 90.0 1030.0 ND 
1650520800.0 -11.6 92.0 1033.0 ND 
1650524400.0 -12.9 90.0 1033.0 ND 
1650528000.0 -13.7 88.0 1031.0 ND 
1650531600.0 -11.1 92.0 1031.0 ND 
1650535200.0 -5.0 87.0 1031.0 ND 
1650538800.0 -1.0 69.0 1025.0 ND 
1650542400.0 0.7 62.0 1010.0 ND 
1650546000.0 0.6 64.0 998.0 ND 
1650549600.0 1.7 62.0 985.0 ND 
1650553200.0 1.8 63.0 970.0 ND 
1650556800.0 2.5 62.0 958.0 ND 
1650560400.0 2.6 65.0 944.0 ND 
1650564000.0 3.5 63.0 1019.0 ND 
1650567600.0 3.4 66.0 1015.0 ND 
1650571200.0 1.2 92.0 1011.0 ND 
1650574800.0 0.8 96.0 1002.0 ND 
1650578400.0 1.1 96.0 996.0 ND 
1650582000.0 0.7 96.0 990.0 ND 
1650585600.0 0.8 97.0 984.0 ND 
1650589200.0 2.2 98.0 977.0 ND 
1650592800.0 3.0 96.0 975.0 ND 
1650596400.0 3.2 91.0 977.0 ND 
1650600000.0 2.5 91.0 982.0 ND 
1650603600.0 1.9 88.0 985.0 ND 
1650607200.0 1.5 89.0 991.0 ND 
1650610800.0 1.4 86.0 997.0 ND 
1650614400.0 1.3 85.0 1001.0 ND 
1650618000.0 0.9 82.0 1010.0 ND 
1650621600.0 1.1 80.0 1019.0 ND 
1650625200.0 1.5 78.0 1025.0 ND 
1650628800.0 1.9 72.0 944.0 ND 
1650632400.0 1.0 84.0 951.0 ND 
1650636000.0 0.9 83.0 957.0 ND 
1650639600.0 1.6 77.0 957.0 ND 
1650643200.0 0.5 87.0 966.0 ND 
1650646800.0 0.3 85.0 972.0 ND 
1650650400.0 1.1 75.0 973.0 ND 
1650654000.0 1.0 70.0 979.0 ND 
1650657600.0 0.3 68.0 986.0 ND 
1650661200.0 -0.6 64.0 992.0 ND 
1650664800.0 -1.1 64.0 998.0 ND 
1650668400.0 -2.3 66.0 1001.0 ND 
1650672000.0 -3.5 73.0 1004.0 ND 
1650675600.0 -4.4 69.0 1004.0 ND 
1650679200.0 -5.4 72.0 1003.0 ND 
1650682800.0 -5.8 71.0 1002.0 ND 
1650686400.0 -6.6 70.0 1005.0 ND 
1650690000.0 -7.4 73.0 1000.0 ND 
1650693600.0 -8.3 75.0 1001.0 ND 
1650697200.0 -9.0 74.0 1002.0 ND 
1650700800.0 -11.8 86.0 1007.0 ND 
1650704400.0 -9.5 75.0 1010.0 ND 
1650708000.0 -7.0 55.0 1013.0 ND 
1650711600.0 -4.5 38.0 1012.0 ND 
1650715200.0 -2.2 35.0 1008.0 ND 
1650718800.0 -0.4 29.0 1003.0 ND 
1650722400.0 0.8 29.0 998.0 ND 
1650726000.0 1.6 25.0 995.0 ND 
1650729600.0 3.0 23.0 993.0 ND 
1650733200.0 3.3 22.0 989.0 ND 
1650736800.0 3.7 23.0 986.0 ND 
1650740400.0 2.3 22.0 988.0 ND 
1650744000.0 1.9 21.0 989.0 ND 
1650747600.0 0.4 25.0 992.0 ND 
1650751200.0 -2.3 46.0 997.0 ND 
1650754800.0 -2.1 46.0 1003.0 ND 
1650758400.0 -3.1 48.0 1000.0 ND 
1650762000.0 -3.9 51.0 996.0 ND 
1650765600.0 -5.0 57.0 994.0 ND 
1650769200.0 -4.2 54.0 993.0 ND 
1650772800.0 -4.9 56.0 1000.0 ND 
1650776400.0 -7.2 69.0 1004.0 ND 
1650780000.0 -8.0 77.0 1003.0 ND 
1650783600.0 -9.7 80.0 1004.0 ND 
1650787200.0 -10.2 83.0 1002.0 ND 
1650790800.0 -7.6 74.0 1007.0 ND 
1650794400.0 -3.3 54.0 1009.0 ND 
1650798000.0 1.4 42.0 1002.0 ND 
1650801600.0 3.9 33.0 996.0 ND 
1650805200.0 5.5 26.0 993.0 ND 
1650808800.0 6.7 23.0 988.0 ND 
1650812400.0 7.6 19.0 986.0 ND 
1650816000.0 8.6 18.0 982.0 ND 
1650819600.0 8.7 20.0 980.0 ND 
1650823200.0 8.2 25.0 979.0 ND 
1650826800.0 7.6 27.0 980.0 ND 
1650830400.0 6.6 32.0 979.0 ND 
1650834000.0 5.8 32.0 980.0 ND 
1650837600.0 2.6 44.0 981.0 ND 
1650841200.0 -0.3 61.0 983.0 ND 
1650844800.0 -2.0 70.0 984.0 ND 
1650848400.0 -2.7 71.0 982.0 ND 
1650852000.0 -3.0 76.0 978.0 ND 
1650855600.0 -3.1 78.0 980.0 ND 
1650859200.0 -3.6 79.0 977.0 ND 
1650862800.0 -3.5 80.0 976.0 ND 
1650866400.0 -3.7 83.0 975.0 ND 
1650870000.0 -2.6 80.0 968.0 ND 
1650873600.0 -2.2 82.0 968.0 ND 
1650877200.0 0.3 68.0 973.0 ND 
1650880800.0 2.6 54.0 966.0 ND 
1650884400.0 3.8 49.0 973.0 ND 
1650888000.0 5.1 43.0 968.0 ND 
1650891600.0 7.5 33.0 964.0 ND 
1650895200.0 8.3 30.0 957.0 ND 
1650898800.0 8.5 29.0 952.0 ND 
1650902400.0 10.1 27.0 943.0 ND 
1650906000.0 10.5 29.0 940.0 ND 
1650909600.0 10.2 33.0 1025.0 ND 
1650913200.0 9.0 37.0 1021.0 ND 
1650916800.0 8.4 40.0 1022.0 ND 
1650920400.0 8.1 42.0 1019.0 ND 
1650924000.0 3.3 83.0 1019.0 ND 
1650927600.0 2.6 96.0 1020.0 ND 
1650931200.0 2.1 97.0 1006.0 ND 
1650934800.0 2.0 97.0 999.0 ND 
1650938400.0 2.2 97.0 994.0 ND 
1650942000.0 2.4 98.0 985.0 ND 
1650945600.0 2.1 97.0 983.0 ND 
1650949200.0 1.0 97.0 972.0 ND 
1650952800.0 1.4 98.0 970.0 ND 
1650956400.0 1.7 99.0 972.0 ND 
1650960000.0 2.4 99.0 967.0 ND 
1650963600.0 4.9 97.0 965.0 ND 
1650967200.0 5.0 97.0 966.0 ND 
1650970800.0 5.4 95.0 964.0 ND 
1650974400.0 5.6 96.0 964.0 ND 
1650978000.0 5.9 96.0 965.0 ND 
1650981600.0 6.8 91.0 964.0 ND 
1650985200.0 6.5 86.0 963.0 ND 
1650988800.0 7.4 74.0 968.0 ND 
1650992400.0 7.8 73.0 967.0 ND 
1650996000.0 7.3 71.0 967.0 ND 
1650999600.0 7.3 72.0 970.0 ND 
1651003200.0 6.9 73.0 964.0 ND 
1651006800.0 4.8 82.0 967.0 ND 
1651010400.0 3.2 88.0 967.0 ND 
1651014000.0 2.2 93.0 963.0 ND 
1651017600.0 2.2 92.0 960.0 ND 
1651021200.0 2.0 94.0 953.0 ND 
1651024800.0 1.7 93.0 950.0 ND 
1651028400.0 1.4 95.0 944.0 ND 
1651032000.0 1.2 96.0 937.0 ND 
1651035600.0 0.9 96.0 934.0 ND 
1651039200.0 2.2 95.0 931.0 ND 
1651042800.0 1.0 97.0 1015.0 ND 
1651046400.0 1.1 97.0 1015.0 ND 
1651050000.0 2.3 91.0 1013.0 ND 
1651053600.0 2.7 86.0 1011.0 ND 
1651057200.0 3.0 84.0 1006.0 ND 
1651060800.0 3.7 79.0 1007.0 ND 
1651064400.0 4.4 72.0 1000.0 ND 
1651068000.0 4.9 70.0 995.0 ND 
1651071600.0 5.6 65.0 990.0 ND 
1651075200.0 5.4 64.0 989.0 ND 
1651078800.0 6.1 59.0 988.0 ND 
1651082400.0 3.2 68.0 995.0 ND 
1651086000.0 2.0 70.0 999.0 ND 
1651089600.0 2.2 67.0 1002.0 ND 
1651093200.0 1.0 69.0 1006.0 ND 
1651096800.0 0.3 71.0 1008.0 ND 
1651100400.0 -0.3 70.0 1012.0 ND 
1651104000.0 -1.0 72.0 1014.0 ND 
1651107600.0 -1.1 76.0 1015.0 ND 
1651111200.0 -1.1 77.0 1016.0 ND 
1651114800.0 -1.3 75.0 1015.0 ND 
1651118400.0 -1.7 73.0 1016.0 ND 
1651122000.0 -2.5 78.0 1017.0 ND 
1651125600.0 -3.2 78.0 1017.0 ND 
1651129200.0 -4.2 77.0 1019.0 ND 
1651132800.0 -4.6 74.0 1015.0 ND 
1651136400.0 -5.2 65.0 1016.0 ND 
1651140000.0 -4.0 54.0 930.0 ND 
1651143600.0 -2.4 51.0 933.0 ND 
1651147200.0 -0.8 47.0 935.0 ND 
1651150800.0 0.1 47.0 937.0 ND 
1651154400.0 0.9 43.0 937.0 ND 
1651158000.0 1.2 40.0 938.0 ND 
1651161600.0 1.2 38.0 941.0 ND 
1651165200.0 1.9 35.0 943.0 ND 
1651168800.0 1.7 35.0 947.0 ND 
1651172400.0 2.1 33.0 951.0 ND 
1651176000.0 1.8 33.0 953.0 ND 
1651179600.0 1.0 36.0 953.0 ND 
1651183200.0 0.0 40.0 958.0 ND 
1651186800.0 -0.6 42.0 966.0 ND 
1651190400.0 -1.1 45.0 968.0 ND 
1651194000.0 -1.7 46.0 967.0 ND 
1651197600.0 -2.2 48.0 967.0 ND 
1651201200.0 -2.7 50.0 963.0 ND 
1651204800.0 -3.5 53.0 959.0 ND 
1651208400.0 -3.9 55.0 959.0 ND 
1651212000.0 -3.9 56.0 961.0 ND 
1651215600.0 -3.9 55.0 964.0 ND 
1651219200.0 -4.1 55.0 971.0 ND 
1651222800.0 -3.6 54.0 977.0 ND 
1651226400.0 -3.2 59.0 983.0 ND 
1651230000.0 -2.3 60.0 984.0 ND 
1651233600.0 -0.8 58.0 985.0 ND 
1651237200.0 0.1 56.0 989.0 ND 
1651240800.0 1.4 54.0 991.0 ND 
1651244400.0 1.3 54.0 995.0 ND 
1651248000.0 2.3 49.0 997.0 ND 
1651251600.0 2.6 48.0 997.0 ND 
1651255200.0 3.4 46.0 999.0 ND 
1651258800.0 3.6 47.0 1005.0 ND 
1651262400.0 3.4 48.0 1007.0 ND 
1651266000.0 3.0 50.0 1011.0 ND 
1651269600.0 2.3 57.0 1013.0 ND 
1651273200.0 1.8 61.0 1016.0 ND 
1651276800.0 1.3 62.0 1017.0 ND 
1651280400.0 0.5 68.0 1020.0 ND 
1651284000.0 0.3 70.0 1021.0 ND 
1651287600.0 0.0 71.0 1018.0 ND 
1651291200.0 -0.2 73.0 1012.0 ND 
1651294800.0 -0.6 76.0 1013.0 ND 
1651298400.0 -0.8 76.0 1011.0 ND 
1651302000.0 -0.8 74.0 1016.0 ND 
1651305600.0 -0.7 75.0 1022.0 ND 
1651309200.0 -0.6 74.0 1024.0 ND 
1651312800.0 -0.2 74.0 1026.0 ND 
1651316400.0 1.3 66.0 1023.0 ND 
1651320000.0 2.9 58.0 1025.0 ND 
1651323600.0 3.8 55.0 1025.0 ND 
1651327200.0 5.2 51.0 1020.0 ND 
1651330800.0 6.0 50.0 1018.0 ND 
1651334400.0 7.3 47.0 1017.0 ND 
1651338000.0 7.6 43.0 1016.0 ND 
1651341600.0 8.2 42.0 1015.0 ND 
1651345200.0 8.1 42.0 1014.0 ND 
1651348800.0 8.1 43.0 1017.0 ND 
1651352400.0 7.2 46.0 1022.0 ND 
1651356000.0 4.6 56.0 1023.0 ND 
1651359600.0 4.3 59.0 1026.0 ND 
1651363200.0 1.3 71.0 1024.0 ND 
1651366800.0 2.8 66.0 1022.0 ND 
1651370400.0 -2.1 85.0 1020.0 ND 
1667275200.0 3.3 87.0 974.0 ND 
1667278800.0 3.4 87.0 975.0 ND 
1667282400.0 3.0 89.0 973.0 ND 
1667286000.0 2.5 90.0 971.0 ND 
1667289600.0 0.4 93.0 972.0 ND 
1667293200.0 -0.7 96.0 975.0 ND 
1667296800.0 -1.8 97.0 977.0 ND 
1667300400.0 -1.6 97.0 980.0 ND 
1667304000.0 2.8 89.0 980.0 ND 
1667307600.0 8.6 70.0 982.0 ND 
1667311200.0 10.5 74.0 978.0 ND 
1667314800.0 12.9 66.0 969.0 ND 
1667318400.0 10.9 77.0 969.0 ND 
1667322000.0 10.5 79.0 966.0 ND 
1667325600.0 9.7 85.0 969.0 ND 
1667329200.0 10.1 85.0 968.0 ND 
1667332800.0 9.4 86.0 969.0 ND 
1667336400.0 9.5 83.0 975.0 ND 
1667340000.0 8.8 85.0 981.0 ND 
1667343600.0 8.3 88.0 981.0 ND 
1667347200.0 8.4 85.0 984.0 ND 
1667350800.0 7.8 83.0 993.0 ND 
1667354400.0 7.8 77.0 998.0 ND 
1667358000.0 7.0 79.0 1003.0 ND 
1667361600.0 5.9 80.0 1012.0 ND 
1667365200.0 5.0 80.0 1021.0 ND 
1667368800.0 4.4 76.0 1027.0 ND 
1667372400.0 3.7 78.0 940.0 ND 
1667376000.0 3.2 78.0 947.0 ND 
1667379600.0 2.4 76.0 953.0 ND 
1667383200.0 1.5 76.0 961.0 ND 
1667386800.0 0.7 74.0 973.0 ND 
1667390400.0 1.6 66.0 983.0 ND 
1667394000.0 2.4 53.0 987.0 ND 
1667397600.0 4.1 48.0 993.0 ND 
1667401200.0 5.7 39.0 997.0 ND 
1667404800.0 6.7 33.0 992.0 ND 
1667408400.0 6.9 31.0 993.0 ND 
1667412000.0 6.8 29.0 997.0 ND 
1667415600.0 6.7 30.0 1002.0 ND 
1667419200.0 4.3 40.0 1008.0 ND 
1667422800.0 0.2 63.0 1014.0 ND 
1667426400.0 -2.1 75.0 1018.0 ND 
1667430000.0 -2.2 77.0 1021.0 ND 
1667433600.0 -2.8 81.0 1019.0 ND 
1667437200.0 -2.8 84.0 1019.0 ND 
1667440800.0 -2.9 84.0 1017.0 ND 
1667444400.0 -3.2 87.0 1014.0 ND 
1667448000.0 -3.6 89.0 1013.0 ND 
1667451600.0 -4.1 93.0 1014.0 ND 
1667455200.0 -5.0 93.0 1010.0 ND 
1667458800.0 -5.3 93.0 1009.0 ND 
1667462400.0 -5.2 94.0 1005.0 ND 
1667466000.0 -5.1 94.0 1003.0 ND 
1667469600.0 -4.9 95.0 1000.0 ND 
1667473200.0 -4.5 93.0 1001.0 ND 
1667476800.0 -1.8 89.0 999.0 ND 
1667480400.0 0.4 86.0 994.0 ND 
1667484000.0 7.9 48.0 989.0 ND 
1667487600.0 9.6 43.0 984.0 ND 
1667491200.0 10.4 40.0 976.0 ND 
1667494800.0 11.0 39.0 969.0 ND 
1667498400.0 10.4 38.0 965.0 ND 
1667502000.0 10.8 38.0 960.0 ND 
1667505600.0 8.6 47.0 960.0 ND 
1667509200.0 6.9 59.0 959.0 ND 
1667512800.0 5.9 75.0 960.0 ND 
1667516400.0 3.8 79.0 955.0 ND 
1667520000.0 4.1 80.0 955.0 ND 
1667523600.0 4.9 89.0 957.0 ND 
1667527200.0 2.6 91.0 956.0 ND 
1667530800.0 0.4 94.0 957.0 ND 
1667534400.0 -1.1 94.0 957.0 ND 
1667538000.0 -1.7 97.0 956.0 ND 
1667541600.0 -2.1 97.0 955.0 ND 
1667545200.0 -2.1 97.0 956.0 ND 
1667548800.0 -2.5 96.0 955.0 ND 
1667552400.0 -2.6 96.0 956.0 ND 
1667556000.0 -2.5 98.0 958.0 ND 
1667559600.0 -2.3 98.0 960.0 ND 
1667563200.0 0.1 96.0 960.0 ND 
1667566800.0 6.9 87.0 962.0 ND 
1667570400.0 8.6 83.0 960.0 ND 
1667574000.0 10.8 72.0 954.0 ND 
1667577600.0 11.8 69.0 951.0 ND 
1667581200.0 11.4 71.0 946.0 ND 
1667584800.0 12.4 67.0 943.0 ND 
1667588400.0 11.3 71.0 941.0 ND 
1667592000.0 10.6 71.0 1025.0 ND 
1667595600.0 9.4 74.0 1028.0 ND 
1667599200.0 9.5 74.0 1029.0 ND 
1667602800.0 9.8 73.0 1024.0 ND 
1667606400.0 9.6 74.0 1023.0 ND 
1667610000.0 11.1 69.0 1021.0 ND 
1667613600.0 11.2 71.0 1015.0 ND 
1667617200.0 10.3 76.0 1013.0 ND 
1667620800.0 9.7 80.0 1013.0 ND 
1667624400.0 10.6 79.0 1014.0 ND 
1667628000.0 10.2 79.0 1013.0 ND 
1667631600.0 10.0 81.0 1008.0 ND 
1667635200.0 9.4 85.0 1004.0 ND 
1667638800.0 10.3 82.0 1005.0 ND 
1667642400.0 10.3 85.0 1003.0 ND 
1667646000.0 10.7 86.0 1001.0 ND 
1667649600.0 11.1 85.0 1004.0 ND 
1667653200.0 11.8 83.0 1006.0 ND 
1667656800.0 12.3 81.0 1009.0 ND 
1667660400.0 13.9 74.0 1005.0 ND 
1667664000.0 14.2 73.0 1006.0 ND 
1667667600.0 15.3 69.0 1002.0 ND 
1667671200.0 16.2 65.0 1001.0 ND 
1667674800.0 15.7 67.0 1004.0 ND 
1667678400.0 15.0 73.0 1008.0 ND 
1667682000.0 14.2 77.0 1009.0 ND 
1667685600.0 12.5 84.0 1008.0 ND 
1667689200.0 11.7 89.0 1005.0 ND 
1667692800.0 13.7 85.0 1004.0 ND 
1667696400.0 15.8 78.0 1004.0 ND 
1667700000.0 15.3 82.0 1002.0 ND 
1667703600.0 15.7 80.0 999.0 ND 
1667707200.0 16.0 77.0 994.0 ND 
1667710800.0 16.0 76.0 989.0 ND 
1667714400.0 15.5 78.0 986.0 ND 
1667718000.0 15.2 78.0 983.0 ND 
1667721600.0 15.2 77.0 982.0 ND 
1667725200.0 14.9 79.0 984.0 ND 
1667728800.0 13.4 91.0 989.0 ND 
1667732400.0 13.4 92.0 989.0 ND 
1667736000.0 13.5 92.0 988.0 ND 
1667739600.0 14.1 91.0 984.0 ND 
1667743200.0 13.8 95.0 988.0 ND 
1667746800.0 13.7 92.0 989.0 ND 
1667750400.0 13.4 93.0 985.0 ND 
1667754000.0 13.1 91.0 983.0 ND 
1667757600.0 12.7 89.0 982.0 ND 
1667761200.0 12.0 90.0 980.0 ND 
1667764800.0 11.8 91.0 982.0 ND 
1667768400.0 11.6 90.0 981.0 ND 
1667772000.0 11.6 88.0 984.0 ND 
1667775600.0 11.6 89.0 983.0 ND 
1667779200.0 11.7 87.0 979.0 ND 
1667782800.0 11.6 87.0 976.0 ND 
1667786400.0 11.1 90.0 979.0 ND 
1667790000.0 11.3 91.0 975.0 ND 
1667793600.0 10.8 90.0 971.0 ND 
1667797200.0 10.6 91.0 971.0 ND 
1667800800.0 10.1 90.0 967.0 ND 
1667804400.0 9.8 89.0 963.0 ND 
1667808000.0 9.6 88.0 958.0 ND 
1667811600.0 8.7 91.0 951.0 ND 
1667815200.0 9.0 89.0 947.0 ND 
1667818800.0 9.2 86.0 943.0 ND 
1667822400.0 8.8 85.0 940.0 ND 
1667826000.0 9.1 77.0 933.0 ND 
1667829600.0 8.5 66.0 937.0 ND 
1667833200.0 9.0 57.0 938.0 ND 
1667836800.0 5.4 72.0 953.0 ND 
1667840400.0 5.4 62.0 959.0 ND 
1667844000.0 5.7 58.0 961.0 ND 
1667847600.0 4.9 64.0 972.0 ND 
1667851200.0 4.1 67.0 981.0 ND 
1667854800.0 3.5 66.0 993.0 ND 
1667858400.0 2.1 71.0 1001.0 ND 
1667862000.0 1.5 73.0 1006.0 ND 
1667865600.0 1.6 72.0 1011.0 ND 
1667869200.0 1.2 70.0 1016.0 ND 
1667872800.0 -0.6 74.0 1023.0 ND 
1667876400.0 -0.9 71.0 1028.0 ND 
1667880000.0 -1.3 67.0 949.0 ND 
1667883600.0 -1.5 67.0 950.0 ND 
1667887200.0 -1.9 67.0 959.0 ND 
1667890800.0 -2.5 68.0 965.0 ND 
1667894400.0 -2.8 67.0 971.0 ND 
1667898000.0 -2.9 66.0 978.0 ND 
1667901600.0 -3.1 71.0 986.0 ND 
1667905200.0 -3.2 75.0 995.0 ND 
1667908800.0 -2.9 78.0 1009.0 ND 
1667912400.0 -2.4 76.0 1019.0 ND 
1667916000.0 -1.8 70.0 1028.0 ND 
1667919600.0 -1.1 69.0 1032.0 ND 
1667923200.0 -0.5 63.0 1033.0 ND 
1667926800.0 0.0 57.0 1038.0 ND 
1667930400.0 0.2 53.0 952.0 ND 
1667934000.0 0.0 53.0 959.0 ND 
1667937600.0 -1.0 55.0 960.0 ND 
1667941200.0 -1.5 58.0 964.0 ND 
1667944800.0 -1.7 63.0 970.0 ND 
1667948400.0 -1.8 64.0 979.0 ND 
1667952000.0 -2.1 65.0 982.0 ND 
1667955600.0 -2.5 65.0 985.0 ND 
1667959200.0 -2.9 72.0 989.0 ND 
1667962800.0 -3.2 70.0 993.0 ND 
1667966400.0 -3.6 68.0 992.0 ND 
1667970000.0 -4.3 72.0 987.0 ND 
1667973600.0 -4.9 75.0 984.0 ND 
1667977200.0 -5.4 76.0 982.0 ND 
1667980800.0 -7.0 85.0 990.0 ND 
1667984400.0 -7.8 88.0 989.0 ND 
1667988000.0 -8.2 92.0 986.0 ND 
1667991600.0 -9.1 92.0 991.0 ND 
1667995200.0 -5.7 80.0 987.0 ND 
1667998800.0 -2.4 64.0 981.0 ND 
1668002400.0 0.3 46.0 973.0 ND 
1668006000.0 1.8 38.0 963.0 ND 
1668009600.0 2.6 33.0 956.0 ND 
1668013200.0 2.1 37.0 1038.0 ND 
1668016800.0 2.3 41.0 1029.0 ND 
1668020400.0 1.4 42.0 1020.0 ND 
1668024000.0 0.7 39.0 1013.0 ND 
1668027600.0 -0.4 48.0 1004.0 ND 
1668031200.0 -0.4 48.0 993.0 ND 
1668034800.0 0.3 48.0 991.0 ND 
1668038400.0 1.1 47.0 980.0 ND 
1668042000.0 2.1 43.0 969.0 ND 
1668045600.0 3.2 41.0 961.0 ND 
1668049200.0 3.3 44.0 952.0 ND 
1668052800.0 1.9 63.0 946.0 ND 
1668056400.0 1.2 81.0 941.0 ND 
1668060000.0 1.6 86.0 1026.0 ND 
1668063600.0 2.2 92.0 1020.0 ND 
1668067200.0 2.0 92.0 1018.0 ND 
1668070800.0 1.4 92.0 1011.0 ND 
1668074400.0 1.9 95.0 1007.0 ND 
1668078000.0 1.6 94.0 1007.0 ND 
1668081600.0 1.5 92.0 1004.0 ND 
1668085200.0 1.9 92.0 1009.0 ND 
1668088800.0 2.2 92.0 1003.0 ND 
1668092400.0 2.5 92.0 1001.0 ND 
1668096000.0 2.2 96.0 992.0 ND 
1668099600.0 1.9 96.0 984.0 ND 
1668103200.0 2.6 96.0 985.0 ND 
1668106800.0 2.9 98.0 984.0 ND 
1668110400.0 3.2 96.0 979.0 ND 
1668114000.0 4.5 97.0 980.0 ND 
1668117600.0 5.1 96.0 985.0 ND 
1668121200.0 5.7 94.0 983.0 ND 
1668124800.0 6.4 94.0 984.0 ND 
1668128400.0 6.4 95.0 985.0 ND 
1668132000.0 6.0 96.0 986.0 ND 
1668135600.0 5.2 98.0 985.0 ND 
1668139200.0 4.7 98.0 987.0 ND 
1668142800.0 4.8 99.0 986.0 ND 
1668146400.0 4.6 99.0 988.0 ND 
1668150000.0 4.4 99.0 989.0 ND 
1668153600.0 4.8 99.0 989.0 ND 
1668157200.0 4.6 99.0 987.0 ND 
1668160800.0 4.8 99.0 986.0 ND 
1668164400.0 5.3 98.0 986.0 ND 
1668168000.0 5.5 97.0 989.0 ND 
1668171600.0 6.4 94.0 983.0 ND 
1668175200.0 7.0 93.0 985.0 ND 
1668178800.0 7.7 90.0 981.0 ND 
1668182400.0 8.0 90.0 976.0 ND 
1668186000.0 8.2 91.0 970.0 ND 
1668189600.0 8.5 90.0 963.0 ND 
1668193200.0 8.9 91.0 958.0 ND 
1668196800.0 8.6 92.0 956.0 ND 
1668200400.0 7.8 94.0 956.0 ND 
1668204000.0 7.1 97.0 952.0 ND 
1668207600.0 6.8 97.0 941.0 ND 
1668211200.0 6.8 98.0 932.0 ND 
1668214800.0 6.9 98.0 1012.0 ND 
1668218400.0 6.8 99.0 999.0 ND 
1668222000.0 7.1 99.0 984.0 ND 
1668225600.0 7.0 99.0 974.0 ND 
1668229200.0 7.2 99.0 956.0 ND 
1668232800.0 7.9 98.0 938.0 ND 
1668236400.0 8.2 96.0 927.0 ND 
1668240000.0 7.8 98.0 921.0 ND 
1668243600.0 7.3 97.0 996.0 ND 
1668247200.0 6.0 93.0 993.0 ND 
1668250800.0 5.7 93.0 984.0 ND 
1668254400.0 5.1 92.0 988.0 ND 
1668258000.0 4.6 93.0 993.0 ND 
1668261600.0 4.4 96.0 998.0 ND 
1668265200.0 4.6 94.0 998.0 ND 
1668268800.0 5.1 94.0 997.0 ND 
1668272400.0 5.8 93.0 1001.0 ND 
1668276000.0 5.5 97.0 1007.0 ND 
1668279600.0 5.1 96.0 931.0 ND 
1668283200.0 4.2 96.0 942.0 ND 
1668286800.0 3.3 97.0 954.0 ND 
1668290400.0 2.8 97.0 963.0 ND 
1668294000.0 2.3 98.0 962.0 ND 
1668297600.0 1.0 99.0 973.0 ND 
1668301200.0 0.5 99.0 985.0 ND 
1668304800.0 0.1 99.0 991.0 ND 
1668308400.0 -0.1 98.0 988.0 ND 
1668312000.0 0.1 98.0 988.0 ND 
1668315600.0 0.1 99.0 989.0 ND 
1668319200.0 -0.1 99.0 998.0 ND 
1668322800.0 -0.2 99.0 1000.0 ND 
1668326400.0 -0.2 100.0 1005.0 ND 
1668330000.0 0.0 99.0 1007.0 ND 
1668333600.0 0.2 96.0 1010.0 ND 
1668337200.0 0.1 98.0 1012.0 ND 
1668340800.0 0.3 95.0 1019.0 ND 
1668344400.0 0.6 94.0 1018.0 ND 
1668348000.0 1.0 94.0 1018.0 ND 
1668351600.0 1.2 93.0 1016.0 ND 
1668355200.0 0.8 94.0 1011.0 ND 
1668358800.0 1.0 94.0 1010.0 ND 
1668362400.0 1.1 91.0 1002.0 ND 
1668366000.0 1.1 93.0 1011.0 ND 
1668369600.0 0.7 96.0 1009.0 ND 
1668373200.0 0.4 98.0 1012.0 ND 
1668376800.0 0.2 97.0 1011.0 ND 
1668380400.0 0.1 97.0 1011.0 ND 
1668384000.0 -0.2 92.0 1009.0 ND 
1668387600.0 -0.4 94.0 1009.0 ND 
1668391200.0 -1.4 89.0 1007.0 ND 
1668394800.0 -2.3 89.0 1009.0 ND 
1668398400.0 -2.7 89.0 1011.0 ND 
1668402000.0 -3.1 90.0 1010.0 ND 
1668405600.0 -3.4 90.0 1015.0 ND 
1668409200.0 -4.4 87.0 932.0 ND 
1668412800.0 -5.0 84.0 940.0 ND 
1668416400.0 -5.5 81.0 947.0 ND 
1668420000.0 -6.4 80.0 954.0 ND 
1668423600.0 -6.5 81.0 963.0 ND 
1668427200.0 -6.3 80.0 973.0 ND 
1668430800.0 -5.8 81.0 976.0 ND 
1668434400.0 -5.4 81.0 983.0 ND 
1668438000.0 -5.1 79.0 988.0 ND 
1668441600.0 -5.1 80.0 989.0 ND 
1668445200.0 -4.8 78.0 995.0 ND 
1668448800.0 -4.7 79.0 1000.0 ND 
1668452400.0 -5.0 81.0 1008.0 ND 
1668456000.0 -5.3 85.0 1015.0 ND 
1668459600.0 -5.4 79.0 1026.0 ND 
1668463200.0 -5.5 80.0 945.0 ND 
1668466800.0 -5.5 78.0 950.0 ND 
1668470400.0 -5.7 81.0 955.0 ND 
1668474000.0 -5.6 84.0 957.0 ND 
1668477600.0 -5.8 85.0 961.0 ND 
1668481200.0 -5.8 84.0 963.0 ND 
1668484800.0 -6.0 83.0 968.0 ND 
1668488400.0 -5.8 81.0 972.0 ND 
1668492000.0 -6.1 84.0 977.0 ND 
1668495600.0 -6.4 81.0 985.0 ND 
1668499200.0 -6.3 82.0 988.0 ND 
1668502800.0 -6.3 82.0 992.0 ND 
1668506400.0 -6.2 79.0 997.0 ND 
1668510000.0 -6.2 83.0 1006.0 ND 
1668513600.0 -6.5 78.0 1012.0 ND 
1668517200.0 -6.2 75.0 1012.0 ND 
1668520800.0 -5.7 78.0 1017.0 ND 
1668524400.0 -5.0 76.0 1017.0 ND 
1668528000.0 -5.2 79.0 1013.0 ND 
1668531600.0 -4.9 73.0 1012.0 ND 
1668535200.0 -5.0 78.0 1013.0 ND 
1668538800.0 -5.3 79.0 1015.0 ND 
1668542400.0 -5.4 82.0 1012.0 ND 
1668546000.0 -5.7 84.0 1012.0 ND 
1668549600.0 -5.9 83.0 1014.0 ND 
1668553200.0 -6.2 83.0 1004.0 ND 
1668556800.0 -6.0 84.0 1000.0 ND 
1668560400.0 -5.8 86.0 1004.0 ND 
1668564000.0 -5.6 84.0 1006.0 ND 
1668567600.0 -5.9 88.0 1007.0 ND 
1668571200.0 -6.2 89.0 1003.0 ND 
1668574800.0 -6.3 89.0 991.0 ND 
1668578400.0 -6.2 89.0 986.0 ND 
1668582000.0 -6.3 89.0 973.0 ND 
1668585600.0 -6.1 87.0 961.0 ND 
1668589200.0 -6.3 88.0 946.0 ND 
1668592800.0 -6.3 86.0 1028.0 ND 
1668596400.0 -6.5 88.0 1017.0 ND 
1668600000.0 -6.3 87.0 1015.0 ND 
1668603600.0 -6.1 86.0 1013.0 ND 
1668607200.0 -5.9 87.0 999.0 ND 
1668610800.0 -5.7 88.0 982.0 ND 
1668614400.0 -5.3 88.0 964.0 ND 
1668618000.0 -5.5 89.0 954.0 ND 
1668621600.0 -5.5 85.0 938.0 ND 
1668625200.0 -5.8 85.0 1018.0 ND 
1668628800.0 -6.2 89.0 1008.0 ND 
1668632400.0 -6.4 90.0 1004.0 ND 
1668636000.0 -6.4 86.0 997.0 ND 
1668639600.0 -6.5 88.0 987.0 ND 
1668643200.0 -6.4 89.0 976.0 ND 
1668646800.0 -6.3 87.0 970.0 ND 
1668650400.0 -6.4 89.0 967.0 ND 
1668654000.0 -6.4 93.0 962.0 ND 
1668657600.0 -6.5 93.0 956.0 ND 
1668661200.0 -6.4 94.0 952.0 ND 
1668664800.0 -6.4 93.0 949.0 ND 
1668668400.0 -6.4 93.0 944.0 ND 
1668672000.0 -6.1 92.0 941.0 ND 
1668675600.0 -6.1 92.0 937.0 ND 
1668679200.0 -6.0 93.0 935.0 ND 
1668682800.0 -5.8 89.0 934.0 ND 
1668686400.0 -5.5 84.0 929.0 ND 
1668690000.0 -5.2 82.0 924.0 ND 
1668693600.0 -5.4 81.0 921.0 ND 
1668697200.0 -5.8 79.0 921.0 ND 
1668700800.0 -6.3 78.0 1007.0 ND 
1668704400.0 -6.4 81.0 1007.0 ND 
1668708000.0 -6.6 80.0 922.0 ND 
1668711600.0 -7.2 77.0 928.0 ND 
1668715200.0 -7.6 81.0 932.0 ND 
1668718800.0 -7.7 87.0 940.0 ND 
1668722400.0 -8.0 81.0 945.0 ND 
1668726000.0 -8.4 78.0 949.0 ND 
1668729600.0 -8.5 80.0 951.0 ND 
1668733200.0 -8.5 81.0 959.0 ND 
1668736800.0 -8.9 81.0 961.0 ND 
1668740400.0 -9.3 80.0 963.0 ND 
1668744000.0 -9.4 77.0 969.0 ND 
1668747600.0 -9.8 78.0 970.0 ND 
1668751200.0 -10.0 81.0 976.0 ND 
1668754800.0 -10.1 81.0 980.0 ND 
1668758400.0 -10.4 79.0 982.0 ND 
1668762000.0 -10.6 80.0 983.0 ND 
1668765600.0 -10.6 78.0 987.0 ND 
1668769200.0 -10.7 80.0 991.0 ND 
1668772800.0 -10.5 82.0 994.0 ND 
1668776400.0 -10.0 81.0 995.0 ND 
1668780000.0 -9.3 78.0 995.0 ND 
1668783600.0 -8.4 76.0 993.0 ND 
1668787200.0 -8.4 74.0 990.0 ND 
1668790800.0 -8.0 76.0 990.0 ND 
1668794400.0 -8.6 78.0 989.0 ND 
1668798000.0 -8.7 80.0 992.0 ND 
1668801600.0 -9.3 80.0 996.0 ND 
1668805200.0 -9.7 82.0 999.0 ND 
1668808800.0 -9.5 84.0 1004.0 ND 
1668812400.0 -9.5 79.0 1011.0 ND 
1668816000.0 -9.6 80.0 1015.0 ND 
1668819600.0 -10.3 79.0 932.0 ND 
1668823200.0 -11.7 82.0 935.0 ND 
1668826800.0 -12.8 87.0 941.0 ND 
1668830400.0 -13.5 87.0 946.0 ND 
1668834000.0 -15.1 88.0 951.0 ND 
1668837600.0 -16.4 86.0 955.0 ND 
1668841200.0 -17.6 86.0 955.0 ND 
1668844800.0 -19.0 85.0 965.0 ND 
1668848400.0 -19.5 83.0 965.0 ND 
1668852000.0 -20.4 84.0 969.0 ND 
1668855600.0 -20.5 84.0 975.0 ND 
1668859200.0 -17.6 86.0 979.0 ND 
1668862800.0 -14.6 85.0 980.0 ND 
1668866400.0 -12.0 84.0 979.0 ND 
1668870000.0 -9.2 82.0 975.0 ND 
1668873600.0 -8.0 79.0 968.0 ND 
1668877200.0 -7.4 85.0 965.0 ND 
1668880800.0 -6.7 91.0 963.0 ND 
1668884400.0 -6.5 91.0 960.0 ND 
1668888000.0 -6.4 89.0 958.0 ND 
1668891600.0 -6.5 91.0 958.0 ND 
1668895200.0 -6.4 90.0 957.0 ND 
1668898800.0 -6.2 92.0 954.0 ND 
1668902400.0 -6.2 92.0 948.0 ND 
1668906000.0 -6.2 93.0 942.0 ND 
1668909600.0 -6.2 93.0 934.0 ND 
1668913200.0 -6.2 93.0 1017.0 ND 
1668916800.0 -6.2 88.0 1013.0 ND 
1668920400.0 -6.5 91.0 1002.0 ND 
1668924000.0 -6.5 90.0 994.0 ND 
1668927600.0 -6.8 87.0 989.0 ND 
1668931200.0 -7.2 90.0 981.0 ND 
1668934800.0 -7.3 91.0 975.0 ND 
1668938400.0 -7.5 91.0 969.0 ND 
1668942000.0 -7.5 90.0 965.0 ND 
1668945600.0 -7.5 87.0 965.0 ND 
1668949200.0 -6.9 87.0 960.0 ND 
1668952800.0 -6.5 83.0 952.0 ND 
1668956400.0 -6.4 85.0 947.0 ND 
1668960000.0 -6.3 83.0 942.0 ND 
1668963600.0 -6.8 74.0 943.0 ND 
1668967200.0 -6.9 74.0 945.0 ND 
1668970800.0 -7.1 78.0 949.0 ND 
1668974400.0 -8.1 78.0 958.0 ND 
1668978000.0 -9.1 80.0 969.0 ND 
1668981600.0 -9.4 78.0 980.0 ND 
1668985200.0 -11.1 76.0 988.0 ND 
1668988800.0 -12.0 77.0 995.0 ND 
1668992400.0 -12.0 77.0 1005.0 ND 
1668996000.0 -13.8 78.0 1018.0 ND 
1668999600.0 -14.9 78.0 940.0 ND 
1669003200.0 -14.8 78.0 947.0 ND 
1669006800.0 -15.0 78.0 952.0 ND 
1669010400.0 -15.9 77.0 966.0 ND 
1669014000.0 -16.1 76.0 976.0 ND 
1669017600.0 -16.7 77.0 985.0 ND 
1669021200.0 -18.2 81.0 994.0 ND 
1669024800.0 -20.2 84.0 1000.0 ND 
1669028400.0 -20.6 84.0 1002.0 ND 
1669032000.0 -18.8 84.0 1007.0 ND 
1669035600.0 -15.9 71.0 1009.0 ND 
1669039200.0 -14.7 70.0 1006.0 ND 
1669042800.0 -13.8 73.0 997.0 ND 
1669046400.0 -12.8 70.0 982.0 ND 
1669050000.0 -12.2 79.0 968.0 ND 
1669053600.0 -11.5 79.0 955.0 ND 
1669057200.0 -10.6 83.0 942.0 ND 
1669060800.0 -10.9 86.0 932.0 ND 
1669064400.0 -10.8 88.0 1016.0 ND 
1669068000.0 -9.9 89.0 1008.0 ND 
1669071600.0 -8.5 89.0 1000.0 ND 
1669075200.0 -7.9 88.0 992.0 ND 
1669078800.0 -7.7 88.0 987.0 ND 
1669082400.0 -7.5 88.0 983.0 ND 
1669086000.0 -6.9 89.0 987.0 ND 
1669089600.0 -5.7 88.0 997.0 ND 
1669093200.0 -5.9 82.0 1010.0 ND 
1669096800.0 -6.9 81.0 939.0 ND 
1669100400.0 -8.3 77.0 958.0 ND 
1669104000.0 -9.4 76.0 974.0 ND 
1669107600.0 -9.8 79.0 988.0 ND 
1669111200.0 -10.3 80.0 1000.0 ND 
1669114800.0 -10.4 81.0 1007.0 ND 
1669118400.0 -10.1 80.0 1020.0 ND 
1669122000.0 -10.0 78.0 1022.0 ND 
1669125600.0 -9.3 74.0 1024.0 ND 
1669129200.0 -8.8 71.0 1022.0 ND 
1669132800.0 -7.5 67.0 1013.0 ND 
1669136400.0 -6.7 63.0 1006.0 ND 
1669140000.0 -6.8 68.0 998.0 ND 
1669143600.0 -7.9 76.0 1001.0 ND 
1669147200.0 -8.7 83.0 1001.0 ND 
1669150800.0 -9.3 84.0 996.0 ND 
1669154400.0 -9.5 86.0 994.0 ND 
1669158000.0 -9.4 85.0 992.0 ND 
1669161600.0 -9.5 84.0 982.0 ND 
1669165200.0 -9.4 85.0 978.0 ND 
1669168800.0 -8.7 83.0 972.0 ND 
1669172400.0 -7.9 80.0 969.0 ND 
1669176000.0 -8.0 82.0 969.0 ND 
1669179600.0 -7.9 82.0 965.0 ND 
1669183200.0 -8.0 83.0 964.0 ND 
1669186800.0 -7.3 85.0 962.0 ND 
1669190400.0 -7.0 84.0 962.0 ND 
1669194000.0 -6.9 84.0 965.0 ND 
1669197600.0 -7.0 83.0 972.0 ND 
1669201200.0 -7.0 81.0 978.0 ND 
1669204800.0 -6.9 80.0 984.0 ND 
1669208400.0 -7.2 73.0 995.0 ND 
1669212000.0 -7.0 66.0 999.0 ND 
1669215600.0 -7.0 69.0 1007.0 ND 
1669219200.0 -7.1 63.0 1010.0 ND 
1669222800.0 -7.5 59.0 1015.0 ND 
1669226400.0 -8.2 54.0 1028.0 ND 
1669230000.0 -9.4 58.0 944.0 ND 
1669233600.0 -12.0 74.0 950.0 ND 
1669237200.0 -15.7 87.0 962.0 ND 
1669240800.0 -17.5 88.0 969.0 ND 
1669244400.0 -19.3 85.0 977.0 ND 
1669248000.0 -20.4 84.0 981.0 ND 
1669251600.0 -21.0 84.0 988.0 ND 
1669255200.0 -21.9 82.0 990.0 ND 
1669258800.0 -21.8 82.0 991.0 ND 
1669262400.0 -22.3 81.0 991.0 ND 
1669266000.0 -19.8 84.0 992.0 ND 
1669269600.0 -21.2 82.0 993.0 ND 
1669273200.0 -21.6 82.0 991.0 ND 
1669276800.0 -22.1 82.0 988.0 ND 
1669280400.0 -21.0 83.0 987.0 ND 
1669284000.0 -22.0 81.0 984.0 ND 
1669287600.0 -22.2 81.0 987.0 ND 
1669291200.0 -18.6 84.0 983.0 ND 
1669294800.0 -14.8 85.0 980.0 ND 
1669298400.0 -11.0 76.0 974.0 ND 
1669302000.0 -7.3 75.0 965.0 ND 
1669305600.0 -6.0 74.0 957.0 ND 
1669309200.0 -5.6 73.0 951.0 ND 
1669312800.0 -4.9 77.0 947.0 ND 
1669316400.0 -5.0 80.0 943.0 ND 
1669320000.0 -6.4 85.0 943.0 ND 
1669323600.0 -6.7 87.0 941.0 ND 
1669327200.0 -6.9 85.0 940.0 ND 
1669330800.0 -7.1 86.0 1025.0 ND 
1669334400.0 -7.1 88.0 1018.0 ND 
1669338000.0 -7.1 89.0 1011.0 ND 
1669341600.0 -7.0 90.0 1001.0 ND 
1669345200.0 -6.9 90.0 992.0 ND 
1669348800.0 -6.8 91.0 987.0 ND 
1669352400.0 -6.5 93.0 973.0 ND 
1669356000.0 -6.3 93.0 967.0 ND 
1669359600.0 -6.0 92.0 956.0 ND 
1669363200.0 -5.7 93.0 947.0 ND 
1669366800.0 -5.6 92.0 935.0 ND 
1669370400.0 -5.8 93.0 1011.0 ND 
1669374000.0 -6.2 93.0 997.0 ND 
1669377600.0 -5.9 94.0 986.0 ND 
1669381200.0 -4.7 95.0 975.0 ND 
1669384800.0 -3.3 96.0 961.0 ND 
1669388400.0 -1.7 95.0 942.0 ND 
1669392000.0 -1.7 95.0 929.0 ND 
1669395600.0 -1.3 95.0 1007.0 ND 
1669399200.0 -1.1 94.0 997.0 ND 
1669402800.0 -1.2 96.0 991.0 ND 
1669406400.0 -1.2 96.0 991.0 ND 
1669410000.0 -1.5 96.0 993.0 ND 
1669413600.0 -0.9 88.0 998.0 ND 
1669417200.0 -1.1 87.0 1001.0 ND 
1669420800.0 -1.8 84.0 922.0 ND 
1669424400.0 -2.1 84.0 928.0 ND 
1669428000.0 -2.4 82.0 932.0 ND 
1669431600.0 -2.7 84.0 942.0 ND 
1669435200.0 -2.9 84.0 952.0 ND 
1669438800.0 -3.0 86.0 962.0 ND 
1669442400.0 -3.0 84.0 976.0 ND 
1669446000.0 -3.3 82.0 972.0 ND 
1669449600.0 -3.5 80.0 980.0 ND 
1669453200.0 -3.8 80.0 987.0 ND 
1669456800.0 -4.0 83.0 999.0 ND 
1669460400.0 -4.7 85.0 1001.0 ND 
1669464000.0 -4.9 87.0 1007.0 ND 
1669467600.0 -5.0 86.0 1004.0 ND 
1669471200.0 -4.1 80.0 994.0 ND 
1669474800.0 -3.9 78.0 991.0 ND 
1669478400.0 -3.5 81.0 981.0 ND 
1669482000.0 -2.7 79.0 972.0 ND 
1669485600.0 -3.2 82.0 968.0 ND 
1669489200.0 -3.4 85.0 970.0 ND 
1669492800.0 -3.6 89.0 970.0 ND 
1669496400.0 -3.5 90.0 975.0 ND 
1669500000.0 -3.3 91.0 979.0 ND 
1669503600.0 -2.9 91.0 973.0 ND 
1669507200.0 -3.1 92.0 974.0 ND 
1669510800.0 -3.5 95.0 974.0 ND 
1669514400.0 -5.7 94.0 970.0 ND 
1669518000.0 -7.1 93.0 970.0 ND 
1669521600.0 -6.7 97.0 967.0 ND 
1669525200.0 -8.1 92.0 964.0 ND 
1669528800.0 -7.8 94.0 964.0 ND 
1669532400.0 -7.2 95.0 965.0 ND 
1669536000.0 -4.6 98.0 960.0 ND 
1669539600.0 -5.3 95.0 959.0 ND 
1669543200.0 -3.6 93.0 954.0 ND 
1669546800.0 -1.1 88.0 957.0 ND 
1669550400.0 -0.5 83.0 957.0 ND 
1669554000.0 1.4 77.0 957.0 ND 
1669557600.0 2.5 74.0 953.0 ND 
1669561200.0 2.3 76.0 948.0 ND 
1669564800.0 2.4 79.0 944.0 ND 
1669568400.0 3.0 78.0 945.0 ND 
1669572000.0 3.0 80.0 943.0 ND 
1669575600.0 2.3 85.0 935.0 ND 
1669579200.0 0.6 93.0 932.0 ND 
1669582800.0 0.4 96.0 931.0 ND 
1669586400.0 0.1 96.0 920.0 ND 
1669590000.0 -0.5 98.0 1004.0 ND 
1669593600.0 -0.4 98.0 1004.0 ND 
1669597200.0 -0.4 99.0 996.0 ND 
1669600800.0 -0.2 98.0 976.0 ND 
1669604400.0 -0.1 98.0 969.0 ND 
1669608000.0 0.2 99.0 964.0 ND 
1669611600.0 0.3 99.0 956.0 ND 
1669615200.0 0.3 94.0 957.0 ND 
1669618800.0 0.3 91.0 956.0 ND 
1669622400.0 0.2 90.0 956.0 ND 
1669626000.0 0.1 88.0 963.0 ND 
1669629600.0 -0.3 90.0 977.0 ND 
1669633200.0 -0.7 91.0 985.0 ND 
1669636800.0 -1.2 89.0 1000.0 ND 
1669640400.0 -1.2 84.0 1008.0 ND 
1669644000.0 -1.1 80.0 929.0 ND 
1669647600.0 -2.9 83.0 940.0 ND 
1669651200.0 -3.2 83.0 948.0 ND 
1669654800.0 -3.9 78.0 959.0 ND 
1669658400.0 -5.0 80.0 967.0 ND 
1669662000.0 -6.1 79.0 980.0 ND 
1669665600.0 -7.4 80.0 993.0 ND 
1669669200.0 -8.2 81.0 1007.0 ND 
1669672800.0 -8.3 80.0 1016.0 ND 
1669676400.0 -8.5 81.0 936.0 ND 
1669680000.0 -8.7 81.0 946.0 ND 
1669683600.0 -9.2 80.0 956.0 ND 
1669687200.0 -9.4 81.0 964.0 ND 
1669690800.0 -11.6 88.0 975.0 ND 
1669694400.0 -10.2 86.0 982.0 ND 
1669698000.0 -11.0 82.0 988.0 ND 
1669701600.0 -10.4 86.0 999.0 ND 
1669705200.0 -11.1 82.0 1004.0 ND 
1669708800.0 -14.1 87.0 1011.0 ND 
1669712400.0 -15.7 87.0 1014.0 ND 
1669716000.0 -17.0 85.0 1021.0 ND 
1669719600.0 -18.4 86.0 943.0 ND 
1669723200.0 -16.2 89.0 948.0 ND 
1669726800.0 -12.1 84.0 951.0 ND 
1669730400.0 -8.1 67.0 954.0 ND 
1669734000.0 -6.4 54.0 952.0 ND 
1669737600.0 -5.5 61.0 953.0 ND 
1669741200.0 -3.9 59.0 954.0 ND 
1669744800.0 -4.0 55.0 953.0 ND 
1669748400.0 -4.7 63.0 960.0 ND 
1669752000.0 -8.8 84.0 963.0 ND 
1669755600.0 -11.8 90.0 967.0 ND 
1669759200.0 -14.0 90.0 974.0 ND 
1669762800.0 -15.7 88.0 974.0 ND 
1669766400.0 -14.3 89.0 972.0 ND 
1669770000.0 -13.1 88.0 970.0 ND 
1669773600.0 -13.8 89.0 973.0 ND 
1669777200.0 -12.4 90.0 974.0 ND 
1669780800.0 -10.8 91.0 967.0 ND 
1669784400.0 -10.3 90.0 960.0 ND 
1669788000.0 -9.8 90.0 957.0 ND 
1669791600.0 -8.2 89.0 951.0 ND 
1669795200.0 -7.8 90.0 940.0 ND 
1669798800.0 -7.4 89.0 1019.0 ND 
1669802400.0 -7.2 90.0 1007.0 ND 
1669806000.0 -6.4 89.0 1001.0 ND 
1669809600.0 -5.5 90.0 997.0 ND 
1669813200.0 -4.6 90.0 984.0 ND 
1669816800.0 -3.9 89.0 974.0 ND 
1669820400.0 -2.9 89.0 950.0 ND 
1669824000.0 -1.9 89.0 1017.0 ND 
1669827600.0 -1.3 89.0 996.0 ND 
1669831200.0 -1.1 95.0 974.0 ND 
1669834800.0 -0.1 96.0 952.0 ND 
1669838400.0 0.3 98.0 939.0 ND 
1669842000.0 0.3 98.0 924.0 ND 
1669845600.0 0.7 97.0 994.0 ND 
1669849200.0 0.9 98.0 988.0 ND 
1669852800.0 0.9 98.0 980.0 ND 
1669856400.0 1.2 96.0 978.0 ND 
1669860000.0 1.3 94.0 971.0 ND 
1669863600.0 0.3 91.0 978.0 ND 
