theodolite_number , marker_number , status , elevation , azimuth , distance , sec , nsec
1 , 1 , 0 , 1.58168 , 3.45535 , 17.6435 , 1657290012 , 109657862
1 , 2 , 0 , 1.57165 , 3.99973 , 19.9483 , 1657290050 , 509502171
1 , 3 , 0 , 1.5603 , 4.5894 , 30.1372 , 1657290084 , 111519241
1 , 4 , 0 , 1.56402 , 4.75128 , 46.4984 , 1657290116 , 511754698
1 , 5 , 0 , 1.56687 , 4.93682 , 54.2826 , 1657290158 , 912845567
1 , 6 , 0 , 1.57366 , 5.28079 , 50.3001 , 1657290198 , 513717896
1 , 7 , 0 , 1.57372 , 5.46886 , 40.3154 , 1657290226 , 914611895
1 , 8 , 0 , 1.57557 , 5.63104 , 24.3339 , 1657290261 , 714889017
1 , 9 , 0 , 1.58507 , 0.0650179 , 18.2756 , 1657290292 , 115614266
1 , 10 , 0 , 1.58934 , 0.575097 , 19.2705 , 1657290316 , 516147017
1 , 1 , 0 , 1.58506 , 1.25962 , 33.1648 , 1657290412 , 913620887
1 , 2 , 0 , 1.5828 , 1.47206 , 45.7335 , 1657290450 , 112359206
1 , 3 , 0 , 1.5834 , 1.56631 , 60.2112 , 1657290479 , 313111955
1 , 4 , 0 , 1.58288 , 1.67754 , 69.6465 , 1657290505 , 313974862
1 , 5 , 0 , 1.57878 , 1.85577 , 72.998 , 1657290551 , 315029792
1 , 6 , 0 , 1.58135 , 2.00228 , 67.4456 , 1657290586 , 914878008
1 , 7 , 0 , 1.58422 , 2.07113 , 54.3632 , 1657290684 , 119453023
1 , 8 , 0 , 1.58759 , 2.18583 , 42.418 , 1657290722 , 517945091
1 , 9 , 0 , 1.58464 , 2.39583 , 34.003 , 1657290752 , 920645861
1 , 10 , 0 , 1.58577 , 2.69236 , 24.5439 , 1657290778 , 922056112
1 , 1 , 0 , 1.56697 , 4.79868 , 73.2647 , 1657290990 , 352921708
1 , 2 , 0 , 1.56893 , 4.84071 , 102.483 , 1657291036 , 352758670
1 , 3 , 0 , 1.57035 , 4.86346 , 126.176 , 1657291077 , 154125112
1 , 4 , 0 , 1.56864 , 4.87867 , 152.46 , 1657291134 , 754893580
1 , 5 , 0 , 1.56954 , 4.90958 , 184.642 , 1657291211 , 956497249
1 , 6 , 0 , 1.57034 , 4.96689 , 192.006 , 1657291381 , 159595413
1 , 7 , 0 , 1.56968 , 5.03368 , 157.405 , 1657291469 , 161659286
1 , 8 , 0 , 1.57045 , 5.03697 , 123.967 , 1657291520 , 361404787
1 , 9 , 0 , 1.57044 , 5.05671 , 93.0442 , 1657291562 , 362767219
1 , 10 , 0 , 1.57126 , 5.09318 , 71.0065 , 1657291599 , 96405069
1 , 1 , 0 , 1.57945 , 1.70136 , 105.733 , 1657291804 , 905523793
1 , 2 , 0 , 1.57981 , 1.73439 , 142.854 , 1657291868 , 107745644
1 , 3 , 0 , 1.57906 , 1.7428 , 176.611 , 1657291950 , 108763477
1 , 4 , 0 , 1.57755 , 1.74096 , 221.919 , 1657292153 , 313642931
1 , 5 , 0 , 1.5767 , 1.76705 , 247.244 , 1657292201 , 713022965
1 , 6 , 0 , 1.57782 , 1.84847 , 247.166 , 1657292271 , 713844292
1 , 7 , 0 , 1.57809 , 1.86056 , 210.501 , 1657292343 , 316262546
1 , 8 , 0 , 1.57897 , 1.8714 , 179.185 , 1657292385 , 317750082
1 , 9 , 0 , 1.57929 , 1.89499 , 142.484 , 1657292434 , 916867355
1 , 10 , 0 , 1.57878 , 1.91501 , 112.668 , 1657292483 , 319318899
2 , 1 , 0 , 1.56655 , 2.96826 , 23.4962 , 1651701087 , 360739380
2 , 2 , 0 , 1.55997 , 3.38694 , 25.4515 , 1651701125 , 760582491
2 , 3 , 0 , 1.5527 , 3.92178 , 33.6731 , 1651701159 , 361820447
2 , 4 , 0 , 1.55841 , 4.12136 , 49.1192 , 1651701191 , 763373768
2 , 5 , 0 , 1.5617 , 4.31423 , 55.8619 , 1651701234 , 162578283
2 , 6 , 0 , 1.56781 , 4.64394 , 49.9101 , 1651701273 , 763975559
2 , 7 , 0 , 1.56627 , 4.80488 , 38.9088 , 1651701302 , 163586746
2 , 8 , 0 , 1.56274 , 4.87422 , 22.2665 , 1651701336 , 966271421
2 , 9 , 0 , 1.56806 , 5.66038 , 12.9884 , 1651701367 , 365738440
2 , 10 , 0 , 1.57547 , 0.113029 , 13.4562 , 1651701391 , 765509785
2 , 1 , 0 , 1.57695 , 0.886266 , 29.4445 , 1651701488 , 459489227
2 , 2 , 0 , 1.57677 , 1.0701 , 42.9915 , 1651701525 , 259009630
2 , 3 , 0 , 1.57883 , 1.13856 , 57.9042 , 1651701554 , 457703161
2 , 4 , 0 , 1.57887 , 1.23992 , 67.927 , 1651701580 , 858029921
2 , 5 , 0 , 1.57477 , 1.41673 , 72.303 , 1651701626 , 458625321
2 , 6 , 0 , 1.57698 , 1.56991 , 67.6314 , 1651701671 , 659028480
2 , 7 , 0 , 1.57868 , 1.65863 , 55.0127 , 1651701759 , 661014905
2 , 8 , 0 , 1.58038 , 1.79909 , 43.8071 , 1651701798 , 61486401
2 , 9 , 0 , 1.57562 , 2.02604 , 36.6047 , 1651701828 , 463559566
2 , 10 , 0 , 1.5734 , 2.33375 , 28.6065 , 1651701854 , 62571953
2 , 1 , 0 , 1.5632 , 4.20599 , 75.5294 , 1651702065 , 643613174
2 , 2 , 0 , 1.56619 , 4.26749 , 104.463 , 1651702111 , 644262271
2 , 3 , 0 , 1.56808 , 4.2998 , 128.002 , 1651702152 , 444469026
2 , 4 , 0 , 1.56678 , 4.32232 , 154.181 , 1651702212 , 44636816
2 , 5 , 0 , 1.56798 , 4.35929 , 186.168 , 1651702418 , 46226529
2 , 6 , 0 , 1.56884 , 4.41735 , 193.199 , 1651702483 , 647433119
2 , 7 , 0 , 1.56785 , 4.47714 , 158.233 , 1651702544 , 449429398
2 , 8 , 0 , 1.56812 , 4.47052 , 124.803 , 1651702595 , 649682607
2 , 9 , 0 , 1.56731 , 4.47462 , 93.8132 , 1651702637 , 649747904
2 , 10 , 0 , 1.56714 , 4.49145 , 71.6194 , 1651702676 , 851454972
2 , 1 , 0 , 1.57677 , 1.23562 , 104.074 , 1651702880 , 294226040
2 , 2 , 0 , 1.57783 , 1.25486 , 141.339 , 1651702943 , 495316797
2 , 3 , 0 , 1.57746 , 1.25561 , 175.123 , 1651703027 , 95318745
2 , 4 , 0 , 1.57628 , 1.24709 , 220.402 , 1651703228 , 696553355
2 , 5 , 0 , 1.57555 , 1.27069 , 245.869 , 1651703301 , 897277129
2 , 6 , 0 , 1.57667 , 1.35247 , 246.262 , 1651703365 , 897554292
2 , 7 , 0 , 1.57672 , 1.36873 , 209.68 , 1651703418 , 698440835
2 , 8 , 0 , 1.57735 , 1.38449 , 178.441 , 1651703460 , 700311913
2 , 9 , 0 , 1.57726 , 1.41662 , 141.901 , 1651703510 , 299085748
2 , 10 , 0 , 1.57621 , 1.44766 , 112.239 , 1651703558 , 700702240
3 , 1 , 0 , 1.56513 , 3.13225 , 12.5855 , 1616543126 , 881473591
3 , 2 , 0 , 1.55638 , 3.78774 , 16.9272 , 1616543165 , 281917326
3 , 3 , 0 , 1.55134 , 4.31163 , 29.9971 , 1616543198 , 882523719
3 , 4 , 0 , 1.55848 , 4.40804 , 47.0603 , 1616543231 , 281323915
3 , 5 , 0 , 1.56228 , 4.57287 , 55.7808 , 1616543277 , 681666294
3 , 6 , 0 , 1.56859 , 4.90733 , 53.4571 , 1616543313 , 282228936
3 , 7 , 0 , 1.56753 , 5.09887 , 44.2568 , 1616543341 , 681148509
3 , 8 , 0 , 1.56569 , 5.28579 , 28.8753 , 1616543376 , 483122506
3 , 9 , 0 , 1.57069 , 5.87283 , 23.7182 , 1616543406 , 884008744
3 , 10 , 0 , 1.57478 , 6.27436 , 24.0168 , 1616543431 , 281102277
3 , 1 , 0 , 1.57682 , 0.65217 , 35.193 , 1616543527 , 970798854
3 , 2 , 0 , 1.57696 , 0.895967 , 46.5597 , 1616543564 , 770967694
3 , 3 , 0 , 1.57896 , 1.01677 , 60.4532 , 1616543593 , 971897579
3 , 4 , 0 , 1.57912 , 1.13999 , 69.2523 , 1616543620 , 370025225
3 , 5 , 0 , 1.57525 , 1.32355 , 71.6308 , 1616543665 , 972902343
3 , 6 , 0 , 1.57764 , 1.46734 , 65.3268 , 1616543711 , 172728784
3 , 7 , 0 , 1.57982 , 1.51995 , 51.9437 , 1616543799 , 173223126
3 , 8 , 0 , 1.58221 , 1.61404 , 39.4994 , 1616543837 , 574374101
3 , 9 , 0 , 1.5776 , 1.8145 , 30.2047 , 1616543867 , 974765756
3 , 10 , 0 , 1.57603 , 2.11438 , 19.7624 , 1616543893 , 573270121
3 , 1 , 0 , 1.56342 , 4.41282 , 73.9668 , 1616544108 , 778963112
3 , 2 , 0 , 1.56641 , 4.43369 , 103.355 , 1616544153 , 178713564
3 , 3 , 0 , 1.56828 , 4.44651 , 127.142 , 1616544191 , 978220580
3 , 4 , 0 , 1.56694 , 4.45436 , 153.489 , 1616544251 , 580018162
3 , 5 , 0 , 1.56813 , 4.479 , 185.818 , 1616544457 , 579096521
3 , 6 , 0 , 1.56899 , 4.5348 , 193.479 , 1616544524 , 783600714
3 , 7 , 0 , 1.56805 , 4.60679 , 159.24 , 1616544583 , 980757306
3 , 8 , 0 , 1.56837 , 4.61866 , 125.84 , 1616544635 , 181836765
3 , 9 , 0 , 1.56768 , 4.6513 , 95.0507 , 1616544677 , 181806697
3 , 10 , 0 , 1.56765 , 4.70287 , 73.2372 , 1616544718 , 382840640
3 , 1 , 0 , 1.57699 , 1.19064 , 105.137 , 1616544919 , 797878323
3 , 2 , 0 , 1.57801 , 1.23724 , 142.042 , 1616544983 , 2100122
3 , 3 , 0 , 1.57762 , 1.25294 , 175.734 , 1616545066 , 600002694
3 , 4 , 0 , 1.57639 , 1.25735 , 221.036 , 1616545268 , 200270170
3 , 5 , 0 , 1.57568 , 1.28604 , 246.212 , 1616545341 , 401476027
3 , 6 , 0 , 1.5768 , 1.36785 , 245.704 , 1616545405 , 400983711
3 , 7 , 0 , 1.57689 , 1.37629 , 208.985 , 1616545458 , 202762389
3 , 8 , 0 , 1.57757 , 1.38283 , 177.622 , 1616545500 , 203997842
3 , 9 , 0 , 1.57753 , 1.39905 , 140.816 , 1616545549 , 801880010
3 , 10 , 0 , 1.57654 , 1.40951 , 110.922 , 1616545598 , 203600304
