1645734878.1595333 -9.015822794418044 -8.873149705605696 0.6198595190207993 0.00034471472015398715 -5.8776054077255106e-05 -0.00010634578222528612 -5.8776054077255106e-05 0.0003282483885230494 0.0002188546315216527 -0.00010634578222528612 0.0002188546315216527 0.00036322006571842716
1645734878.3595333 -9.016115077986646 -8.868458551335133 0.6252593696032952 0.00025667322137541443 -0.00010701914593709886 -0.00012429221357759782 -0.00010701914593709886 0.00040819508460589453 0.00011658189660934207 -0.00012429221357759782 0.00011658189660934207 0.00030792414802079457
1645734878.5595334 -9.016223152131547 -8.87110592809525 0.6232036543471955 0.00028654128190943494 -1.4970533116937564e-05 -9.907721975680587e-05 -1.4970533116937564e-05 0.0002208144580077203 0.00016174711971802486 -9.907721975680587e-05 0.00016174711971802486 0.0002753765736053114
1645734878.7595334 -9.018180424917263 -8.870459642406455 0.6236592572845315 0.00020939991997607132 -9.61874725348687e-05 -0.0001270121951025557 -9.61874725348687e-05 0.0002974402532540476 0.00010101673311831681 -0.0001270121951025557 0.00010101673311831681 0.000260719326215019
1645734878.9595335 -9.012465694433455 -8.872787454807314 0.6229026819261457 0.0003302365970038467 -1.0044524859263542e-06 -3.249942740289926e-05 -1.0044524859263542e-06 0.00023576089481543765 0.00016484207386315347 -3.249942740289926e-05 0.00016484207386315347 0.0002686698850312956
1645734879.1595333 -9.015825828191325 -8.87108684555189 0.6254384094954741 0.00020501282236858886 -9.384350040260434e-05 -0.00011601365415576591 -9.384350040260434e-05 0.0003311513889774793 0.00010417331527494713 -0.00011601365415576591 0.00010417331527494713 0.00026719566533948546
1645734879.3595333 -9.016533580194885 -8.872145466912889 0.6247434767869483 0.00022748434357751647 -2.514617538331909e-05 -8.013329417713931e-05 -2.514617538331909e-05 0.0002983312255983741 0.0002493585766893887 -8.013329417713931e-05 0.0002493585766893887 0.00038667940008186094
1645734879.5595334 -9.012193823707621 -8.875206766491537 0.6205861830613169 0.00018661020173571229 -3.8278662627388115e-05 -7.251327277215572e-05 -3.8278662627388115e-05 0.0003102651663371425 7.389636196290585e-05 -7.251327277215572e-05 7.389636196290585e-05 0.00019514890139208188
1645734879.7595334 -9.012197528158723 -8.874026712281886 0.6186307546172878 0.000289469258867128 8.844779165579501e-06 -4.5912015642784245e-05 8.844779165579501e-06 0.0002163713894600196 0.00016037662344789313 -4.5912015642784245e-05 0.00016037662344789313 0.00030577546480668386
1645734879.9595335 -9.013831485031277 -8.869978614921363 0.6222575707688678 0.00021256493292400714 -6.712656100325543e-05 -0.00011730142557597396 -6.712656100325543e-05 0.00031407241329998846 7.83985287965229e-05 -0.00011730142557597396 7.83985287965229e-05 0.00022470025191313823
1645734880.1595333 -9.016512121115168 -8.873166594184756 0.6242184039630838 0.00026405791315811444 -8.361179082398628e-06 -9.043512480855249e-05 -8.361179082398628e-06 0.00028798827978930737 0.0001991353533236926 -9.043512480855249e-05 0.0001991353533236926 0.0003727035550796463
1645734880.3595333 -9.013221511455907 -8.867488965566482 0.6234739014414786 0.0011462405210196426 0.0003367706835047765 -0.0006427356799163297 0.0003367706835047765 0.0014699099112904326 0.00029356176885441705 -0.0006427356799163297 0.00029356176885441705 0.001143960254440823
1645734880.5595334 -9.011470582984257 -8.87039551260403 0.6215250306420665 0.0013826005535755785 6.638191700167051e-05 -0.0009008331133879786 6.638191700167051e-05 0.0011923678116554284 0.0003761875374294123 -0.0009008331133879786 0.0003761875374294123 0.0013801979566046962
1645734880.7595334 -9.017331522527293 -8.875501950308847 0.6236947320360275 0.00038744029733036217 -2.756210301847495e-05 -0.00026850878175912584 -2.756210301847495e-05 0.00045080412988573863 8.053699038433229e-05 -0.00026850878175912584 8.053699038433229e-05 0.0005116595141770139
1645734880.9595335 -9.01401650552608 -8.870235664995773 0.6247622559102394 0.0003465540508869987 6.756579147479974e-06 -6.093153910455191e-05 6.756579147479974e-06 0.00019326400806543383 0.00011040764065772383 -6.093153910455191e-05 0.00011040764065772383 0.00026672742913750615
1645734881.1595333 -9.016392446537758 -8.87001352584316 0.6219169070148017 0.00026106278234031596 -5.2885566037260486e-05 -0.00011655695294153798 -5.2885566037260486e-05 0.0002552494608298709 0.00011182723757239945 -0.00011655695294153798 0.00011182723757239945 0.00023644823799913795
1645734881.3595333 -9.015506716593686 -8.871850615091171 0.6239528407087017 0.0002742162526558992 -5.029623497021323e-05 -0.00010597947300144252 -5.029623497021323e-05 0.0002214444193627179 0.00013851598730110968 -0.00010597947300144252 0.00013851598730110968 0.0002508611534342932
1645734881.5595334 -9.01354495006685 -8.871142763751982 0.620048931064831 0.0002471168247046124 -6.977340091577891e-05 -8.89944086506412e-05 -6.977340091577891e-05 0.0003130953306731514 6.93054375314381e-05 -8.89944086506412e-05 6.93054375314381e-05 0.0002479221596873004
1645734881.7595334 -9.015249633084142 -8.8697718141527 0.6248687814040121 0.0002551127254597096 3.436992554059403e-06 -6.684397943750838e-05 3.436992554059403e-06 0.00023538753854872896 0.000153358211667154 -6.684397943750838e-05 0.000153358211667154 0.00027380136896877876
1645734881.9595335 -9.015505820599422 -8.871779700677164 0.624903271475043 0.0002513010983163918 -0.00010045326873910918 -0.0001236902431312479 -0.00010045326873910918 0.0003901437748298959 0.00014318572077211887 -0.0001236902431312479 0.00014318572077211887 0.00033077068171936263
1645734882.1595333 -9.0161459964664 -8.870782208894266 0.6230967393938228 0.0012971515518340208 0.00011483595092340486 -0.00012077812274064207 0.00011483595092340486 0.0008761213003016447 0.0006472346063529828 -0.00012077812274064207 0.0006472346063529828 0.001059117154892637
1645734882.3595333 -9.014484622259365 -8.877064347950293 0.6189401454839872 0.001598395698293141 -0.0001488441588570443 -0.0003985715489308333 -0.0001488441588570443 0.0014184951248353286 0.0009220019912287682 -0.0003985715489308333 0.0009220019912287682 0.001398184921912687
1645734882.5595334 -9.01567069239272 -8.875451153034676 0.6210545768007548 0.0005991767908825051 2.0471249892424032e-05 -0.00014000890028622998 2.0471249892424032e-05 0.00043649776858346726 0.0002768798227156794 -0.00014000890028622998 0.0002768798227156794 0.00044044176499200325
1645734882.7595334 -9.014861479145509 -8.87366298048852 0.6225509359869328 0.0002292199117320413 -5.25220724020217e-05 -0.00012655779193101633 -5.25220724020217e-05 0.0002336276743606774 0.000103678994517745 -0.00012655779193101633 0.000103678994517745 0.0003119525483206674
1645734882.9595335 -9.018286823522358 -8.870940857746254 0.622698294719898 0.0002792147251574308 -6.138499462959188e-06 -5.703704928128112e-05 -6.138499462959188e-06 0.00023798527349034983 0.00015283394553334572 -5.703704928128112e-05 0.00015283394553334572 0.00028752340867643073
1645734883.1595333 -9.017039031161856 -8.869609809674952 0.6247144467114061 0.0001760405669271264 -1.0853735598072629e-05 -8.361380001221362e-05 -1.0853735598072629e-05 0.00023255957688282116 1.6744148131089817e-05 -8.361380001221362e-05 1.6744148131089817e-05 0.00020017506504008223
1645734883.3595333 -9.016162065696845 -8.871692883067638 0.6231045385745339 0.00022194825728942625 1.511475904139415e-05 -6.782780955068576e-05 1.511475904139415e-05 0.00023109825159806148 0.00016385980336633995 -6.782780955068576e-05 0.00016385980336633995 0.0002885840986570622
1645734883.5595334 -9.012514015666325 -8.872591221561217 0.619626276355904 0.00022431022490515832 -4.666215691760122e-05 -0.0001255081695860311 -4.666215691760122e-05 0.0003241115153764893 4.819370972426253e-05 -0.0001255081695860311 4.819370972426253e-05 0.00025402073712518835
1645734883.7595334 -9.016163317756977 -8.871920318427092 0.6243930227425842 0.00020853543324960563 2.4830057917550846e-05 -4.75794122025063e-05 2.4830057917550846e-05 0.000369862965232999 0.00020565667002829592 -4.75794122025063e-05 0.00020565667002829592 0.00024700579070203196
1645734883.9595335 -9.015810777738556 -8.875156709562486 0.6207057571580927 0.00018792347213314578 -5.051346061243769e-05 -8.109906634185927e-05 -5.051346061243769e-05 0.00021863742088175007 7.72181472307734e-05 -8.109906634185927e-05 7.72181472307734e-05 0.00020606107351845524
1645734884.1595333 -9.010827111556193 -8.86925884633626 0.6230714624477239 0.0002309992178414196 5.434449144594744e-05 -4.757864585717489e-06 5.434449144594744e-05 0.00026451680800538104 0.00019393034823011015 -4.757864585717489e-06 0.00019393034823011015 0.00031665203012475165
1645734884.3595333 -9.012790969187682 -8.870114866135268 0.6198512559410861 0.00020945727185974508 -2.2875135293364552e-05 -6.208093572520036e-05 -2.2875135293364552e-05 0.00023879553485205924 7.612520238834615e-05 -6.208093572520036e-05 7.612520238834615e-05 0.0002131314444162144
1645734884.5595334 -9.017380542815083 -8.872517846589725 0.6240054584792241 0.0002313850974666792 3.7026083258737484e-05 -1.0592174764327678e-05 3.7026083258737484e-05 0.00030126716956425936 0.0001692725646586427 -1.0592174764327678e-05 0.0001692725646586427 0.00026100547579301477
1645734884.7595334 -9.015970980737542 -8.875732854665122 0.620605430976054 0.00020285983487771303 -6.062668079031174e-05 -6.680102650505833e-05 -6.062668079031174e-05 0.0002393702047872364 7.705607412835775e-05 -6.680102650505833e-05 7.705607412835775e-05 0.00022344073111377907
1645734884.9595335 -9.014699203061502 -8.871063651634836 0.6224134015786397 0.00032820662098307783 6.255916802190743e-05 -4.3547103821051516e-05 6.255916802190743e-05 0.00029461640519223907 0.00020029536365409769 -4.3547103821051516e-05 0.00020029536365409769 0.000313110087787587
1645734885.1595333 -9.014300389973913 -8.873090700870444 0.6245502334026032 0.00021190769826320813 -8.006522776937083e-05 -8.246797949139618e-05 -8.006522776937083e-05 0.0003011785309183392 6.243548440079944e-05 -8.246797949139618e-05 6.243548440079944e-05 0.00018379022490971864
1645734885.3595333 -9.017007495910617 -8.86994289753632 0.6244082339342217 0.00033008339199101344 -1.373417224187989e-05 -0.00012187864451057695 -1.373417224187989e-05 0.00020024832868196872 0.00015800757521173872 -0.00012187864451057695 0.00015800757521173872 0.0003285587142246012
1645734885.5595334 -9.016421234317516 -8.870930602536317 0.6250691495572944 0.00022012227050881674 -3.379551778397071e-05 -8.92646731660669e-05 -3.379551778397071e-05 0.0003147582708734925 7.636258131434243e-05 -8.92646731660669e-05 7.636258131434243e-05 0.00026147054447320266
1645734885.7595334 -9.014029687645383 -8.873346154932127 0.6216135846168607 0.0002785933420374551 1.4129497609282562e-05 -6.551401557299107e-05 1.4129497609282562e-05 0.0002050674461857487 0.00014274636186865596 -6.551401557299107e-05 0.00014274636186865596 0.000246134981076711
1645734885.9595335 -9.012352128090189 -8.873547116414242 0.6215248672710031 0.00021995733548578223 -6.93833464296751e-05 -0.00012475167490091018 -6.93833464296751e-05 0.00031093538525797036 0.00012339258636451467 -0.00012475167490091018 0.00012339258636451467 0.0002937918127915127
1645734886.1595333 -9.012391426676311 -8.875892751714488 0.6191158853159774 0.0003512368418489372 5.4999151272086886e-06 -8.009879041418777e-05 5.4999151272086886e-06 0.00027477216868029847 0.0001782395747215716 -8.009879041418777e-05 0.0001782395747215716 0.0003282826418446327
1645734886.3595333 -9.023822177633745 -8.871624350203819 0.631055615193193 0.0009336994530158716 0.00011619150580574337 -0.0005835909047219538 0.00011619150580574337 0.001118183135625349 0.0002113210790512134 -0.0005835909047219538 0.0002113210790512134 0.0011888764633875726
1645734886.5595334 -9.019763245902727 -8.869122423445326 0.6264380685273135 0.0013384622191146976 3.0890022407291264e-05 -0.0008285924852782174 3.0890022407291264e-05 0.0013634671713941213 0.0005366873923281693 -0.0008285924852782174 0.0005366873923281693 0.001360741210748653
1645734886.7595334 -9.012308548424828 -8.871969256517747 0.6240213602482343 0.0002845645214669525 -6.67514512890094e-05 -0.0001803820434224178 -6.67514512890094e-05 0.0004026649339849224 0.000140204009208458 -0.0001803820434224178 0.000140204009208458 0.00036139360048743603
1645734886.9595335 -9.015672232558513 -8.870888977763952 0.6238618507012083 0.00029152955185603863 3.763087174428119e-05 -3.631143472293487e-05 3.763087174428119e-05 0.00024181168013458622 0.00015428342364280547 -3.631143472293487e-05 0.00015428342364280547 0.0002682851557180064
1645734887.1595333 -9.018756583787326 -8.871326359349192 0.6249657200039777 0.00022361015054468973 -7.232289714382873e-05 -0.00013039871295985006 -7.232289714382873e-05 0.00026075082759318406 5.333209440538993e-05 -0.00013039871295985006 5.333209440538993e-05 0.00026788332204032123
1645734887.3595333 -9.015074076292706 -8.874477819961351 0.6199052742580615 0.0002479706994328192 -2.56550700351342e-05 -8.176320915212799e-05 -2.56550700351342e-05 0.00020660230821944195 0.00011779265715981791 -8.176320915212799e-05 0.00011779265715981791 0.00022756635269674663
1645734887.5595334 -9.014809224526742 -8.874603462353479 0.6229601394930343 0.00019982204483374547 -5.496104474885997e-05 -8.871975000260259e-05 -5.496104474885997e-05 0.0002842072977730275 0.00011953172656492093 -8.871975000260259e-05 0.00011953172656492093 0.0002252354944384266
1645734887.7595334 -9.014735520393621 -8.872473330317204 0.6190621305665087 0.00027578224471780854 9.492178206744505e-07 -6.507965642389008e-05 9.492178206744505e-07 0.0002340398462767288 0.0001577833058598144 -6.507965642389008e-05 0.0001577833058598144 0.0002799941595634322
1645734887.9595335 -9.015378627730898 -8.874135493165374 0.6240364600203908 0.000221378156621729 -9.923903044823947e-06 -7.248302989270203e-05 -9.923903044823947e-06 0.00020010758242452567 1.962043670692356e-05 -7.248302989270203e-05 1.962043670692356e-05 0.00018687877344151393
1645734888.1595333 -9.01644688306544 -8.873370825946868 0.6216939681990156 0.0002597980749582415 6.488469079914162e-06 -8.294695940624802e-05 6.488469079914162e-06 0.0002849699310152156 0.0001723463567694985 -8.294695940624802e-05 0.0001723463567694985 0.0002615979095733172
1645734888.3595333 -9.01532869321854 -8.870597387903025 0.6216727227759952 0.0002592427877723612 -2.789869852875479e-05 -0.00012653308972453213 -2.789869852875479e-05 0.000181278974109868 3.768763845564136e-05 -0.00012653308972453213 3.768763845564136e-05 0.0001959682330269912
1645734888.5595334 -9.016616357652532 -8.872240725220497 0.6240786257457649 0.00030598270348843314 2.9969358620018e-05 -2.1232832483338408e-05 2.9969358620018e-05 0.00023610745825241225 0.0001638634560655756 -2.1232832483338408e-05 0.0001638634560655756 0.0002689958221945311
1645734888.7595334 -9.014675454265802 -8.870878764835867 0.6243826866163704 0.0001862482666721389 -1.3604397747630024e-05 -8.001885017914287e-05 -1.3604397747630024e-05 0.00021963204885596177 4.478994049422172e-05 -8.001885017914287e-05 4.478994049422172e-05 0.00023565135504974318
1645734888.9595335 -9.017093581321662 -8.871821545605602 0.6238093888879473 0.0002564858865300659 -3.32353852115203e-05 -6.979017619795296e-05 -3.32353852115203e-05 0.00019024617364218676 0.000122459036230131 -6.979017619795296e-05 0.000122459036230131 0.00023213489432225085
1645734889.1595333 -9.009626237671633 -8.873726509614814 0.620502459601748 0.00022319660622290995 -5.280336237359862e-05 -0.00011783639624509618 -5.280336237359862e-05 0.0002801914460857777 3.9688601689457044e-05 -0.00011783639624509618 3.9688601689457044e-05 0.00023161383665836326
1645734889.3595333 -9.01458371353473 -8.872193470777574 0.6204477818110192 0.00027892126864249606 -2.9985024923300984e-06 -3.1404199848619464e-05 -2.9985024923300984e-06 0.00023971844621646708 0.00019512101078291328 -3.1404199848619464e-05 0.00019512101078291328 0.0002900695080308994
1645734889.5595334 -9.013558361681477 -8.873150051399536 0.6202725984250782 0.00024794265576221327 -6.926361506635176e-05 -0.00013843532575534502 -6.926361506635176e-05 0.0003528305402197241 0.0001361699545768712 -0.00013843532575534502 0.0001361699545768712 0.00025330555326105524
1645734889.7595334 -9.017373727692357 -8.874210960942026 0.6221185429946946 0.000281160773518128 4.1520323239673054e-05 -5.434277895106584e-05 4.1520323239673054e-05 0.0002511055869703434 0.0001482213059582502 -5.434277895106584e-05 0.0001482213059582502 0.0002115378681301347
1645734889.9595335 -9.014561719464687 -8.873705756261701 0.6223819718160348 0.00018909612418950057 -3.366077682863171e-05 -8.573206087700419e-05 -3.366077682863171e-05 0.0003399040108673501 0.00011991498246068131 -8.573206087700419e-05 0.00011991498246068131 0.0002722986206295133
1645734890.1595333 -9.015204218596715 -8.875140971426173 0.6198191629882944 0.0002999232465479517 -1.932066928223419e-05 -7.997389917826458e-05 -1.932066928223419e-05 0.0002378360026641616 0.00019513019979253496 -7.997389917826458e-05 0.00019513019979253496 0.0002943977685325434
1645734890.3595333 -9.014857484211104 -8.873372433347106 0.6213241349691287 0.000230174865829823 3.2431819817463396e-07 -7.632524749236127e-05 3.2431819817463396e-07 0.00031450067490830904 7.671313953235347e-05 -7.632524749236127e-05 7.671313953235347e-05 0.0002445002100061044
1645734890.5595334 -9.013093660971755 -8.872991082772957 0.6217680922952384 0.000223989370296305 5.071618460466809e-05 -1.350339628226821e-05 5.071618460466809e-05 0.0002676110205642006 0.00014429361655389107 -1.350339628226821e-05 0.00014429361655389107 0.00025060696759349367
1645734890.7595334 -9.012814192275302 -8.874117890641317 0.6192261994091306 0.00022792826424462544 -8.013171610079769e-05 -0.00012046130058805797 -8.013171610079769e-05 0.00021812991630172046 7.014337830002989e-05 -0.00012046130058805797 7.014337830002989e-05 0.00025715902779719453
1645734890.9595335 -9.01629241849947 -8.871722639878687 0.6241091527657526 0.0003092545320161234 -9.446395511363856e-06 -7.244730671194251e-05 -9.446395511363856e-06 0.0001984312238381651 0.00014167603588657703 -7.244730671194251e-05 0.00014167603588657703 0.00029651863770903256
1645734891.1595333 -9.016169057832213 -8.870299165060155 0.6210652159476489 0.00024267714758872166 -6.887357268023309e-05 -0.00014821581309209045 -6.887357268023309e-05 0.0002566014375032451 9.756573409171909e-05 -0.00014821581309209045 9.756573409171909e-05 0.00026138141136898703
1645734891.3595333 -9.014863974112926 -8.87142804190744 0.6250239961310996 0.00023510982057235315 1.1612764430045439e-05 -4.0798585814636246e-05 1.1612764430045439e-05 0.0002382071425092536 0.00017290633340583664 -4.0798585814636246e-05 0.00017290633340583664 0.0003077062835865424
1645734891.5595334 -9.012357835662828 -8.873182076190666 0.6230782058015409 0.00016813024790932282 -1.8686858937972574e-05 -0.00012042627033227431 -1.8686858937972574e-05 0.0002506764240428678 3.6951364112100936e-05 -0.00012042627033227431 3.6951364112100936e-05 0.00026594273917279873
1645734891.7595334 -9.014185495719344 -8.872686872621767 0.6240763400853979 0.00023709336853472372 2.6156428199237534e-05 -9.879949799902783e-06 2.6156428199237534e-05 0.00021270214157029105 0.00015716475927070737 -9.879949799902783e-06 0.00015716475927070737 0.00029379519921813885
1645734891.9595335 -9.013163817784097 -8.8706611301627 0.6223064849521878 0.00020824719830652122 -7.902791481148558e-05 -8.64353626345103e-05 -7.902791481148558e-05 0.00036166165644163227 7.091495579465564e-05 -8.64353626345103e-05 7.091495579465564e-05 0.00020877384516205602
1645734892.1595333 -9.015455827205734 -8.873062209688 0.6208733815625829 0.0002839095917176055 2.7789959514796065e-05 -5.250670041296109e-05 2.7789959514796065e-05 0.0002961955597435883 0.00016715669455092807 -5.250670041296109e-05 0.00016715669455092807 0.0002636569682041702
1645734892.3595333 -9.01620104736126 -8.872974272592831 0.6224418652797791 0.00024016811541660075 -9.512124984367365e-05 -0.00012627139791267304 -9.512124984367365e-05 0.0003013422838677723 7.744722167386418e-05 -0.00012627139791267304 7.744722167386418e-05 0.0002251454967883831
1645734892.5595334 -9.016353149153229 -8.874061312872549 0.6235326167565124 0.00032352579272027594 5.223354539814357e-05 -7.777662671491892e-05 5.223354539814357e-05 0.0002767421891026016 0.0001527995135776974 -7.777662671491892e-05 0.0001527995135776974 0.0002778026579691161
1645734892.7595334 -9.011923074766099 -8.873175713421245 0.6224053511591621 0.00024301134316104234 -2.1468846895793025e-05 -0.0001052361389824337 -2.1468846895793025e-05 0.00023482236558168765 7.91860502126123e-05 -0.0001052361389824337 7.91860502126123e-05 0.0002753113295581187
1645734892.9595335 -9.019618330428676 -8.871186010186317 0.6247063335816877 0.0003242976001061401 2.95302092949146e-05 -7.586702907098426e-05 2.95302092949146e-05 0.0002256652763532298 0.0001418222152740364 -7.586702907098426e-05 0.0001418222152740364 0.0002404520173945671
1645734893.1595333 -9.013829112225775 -8.876594553131852 0.6203085280276996 0.00023061033444998522 -8.288204505871878e-05 -9.934498796486168e-05 -8.288204505871878e-05 0.00028458901382676435 9.796240452353946e-05 -9.934498796486168e-05 9.796240452353946e-05 0.00025765372776469003
1645734893.3595333 -9.016518728247943 -8.869992397775103 0.6222596447098572 0.00027034459603788143 9.308523702703692e-06 -5.756411927587096e-05 9.308523702703692e-06 0.00016805125464895108 0.00010882701669466931 -5.756411927587096e-05 0.00010882701669466931 0.00021783943117968362
1645734893.5595334 -9.015709029664574 -8.873373257879566 0.625724120938841 0.0002154055088140344 -3.6567705973503375e-05 -0.00013559932251777575 -3.6567705973503375e-05 0.0002991849545227053 9.321068021554521e-05 -0.00013559932251777575 9.321068021554521e-05 0.00027559613512917485
1645734893.7595334 -9.013260724673057 -8.871447058087082 0.6233928758343944 0.00031030688532386006 -2.5989898930775877e-05 -8.137718698477645e-05 -2.5989898930775877e-05 0.00019385968223306993 0.00015282002632238139 -8.137718698477645e-05 0.00015282002632238139 0.0002665500760056066
1645734893.9595335 -9.01269745015889 -8.873142909919828 0.6227198417083402 0.0002613976180847168 -2.85085393302475e-05 -8.758482523936631e-05 -2.85085393302475e-05 0.00021813304846609387 6.589841039063568e-05 -8.758482523936631e-05 6.589841039063568e-05 0.00020800541797229925
1645734894.1595333 -9.013522771147015 -8.87278810013946 0.6231586137222652 0.0003055353229491867 8.422854872258393e-06 -2.7714365731085895e-05 8.422854872258393e-06 0.000277570231671465 0.00021549128111926833 -2.7714365731085895e-05 0.00021549128111926833 0.00032348448743581986
1645734894.3595333 -9.014395810713884 -8.873434090566438 0.6234472483716401 0.00023791166522128135 -2.727199649377109e-05 -9.049545972961268e-05 -2.727199649377109e-05 0.00024937110511558943 6.980566589564726e-05 -9.049545972961268e-05 6.980566589564726e-05 0.0002681008685816822
1645734894.5595334 -9.012412073406999 -8.872294690798812 0.6187053746802822 0.000293805186882292 4.1973295518341026e-05 -3.7264823695978234e-05 4.1973295518341026e-05 0.0002315071439497285 0.00012404723034887708 -3.7264823695978234e-05 0.00012404723034887708 0.00018290885940758925
1645734894.7595334 -9.016325815691978 -8.872447188808607 0.6257381821766447 0.00021020530494564944 -4.1402975919504085e-05 -0.00011449074950276162 -4.1402975919504085e-05 0.00022476349905971822 5.5222315857347446e-05 -0.00011449074950276162 5.5222315857347446e-05 0.00023839904681949338
1645734894.9595335 -9.01393460502349 -8.872031472298925 0.6240492911791352 0.00030974353419007116 5.80119115753251e-06 -6.887726443838476e-05 5.80119115753251e-06 0.00023184629131327465 0.0001648979673920304 -6.887726443838476e-05 0.0001648979673920304 0.0002582142890880216
1645734895.1595333 -9.015632989463708 -8.872021363704148 0.6220996879653077 0.00023059814850184436 -4.130927772155475e-05 -0.00013167489051214344 -4.130927772155475e-05 0.00027186111794897554 0.0001100707157839922 -0.00013167489051214344 0.0001100707157839922 0.00030796794497673345
1645734895.3595333 -9.015248030136583 -8.87065321654873 0.6242349391095584 0.0003463902115278364 1.9857675545732336e-05 -0.00010128935004412828 1.9857675545732336e-05 0.00021728566549267435 0.00010548089027848258 -0.00010128935004412828 0.00010548089027848258 0.0002717909239011745
1645734895.5595334 -9.007848961976869 -8.870157385240246 0.6191369590477244 0.0010155376093301841 2.258158869138361e-05 -0.0006465788433211615 2.258158869138361e-05 0.0010814845643452396 0.00012750224559397827 -0.0006465788433211615 0.00012750224559397827 0.0011505896101099103
1645734895.7595334 -9.018125935720187 -8.866361561572198 0.6277298196252162 0.0013241938306372456 0.0001925240156481759 -0.0007549677233820715 0.0001925240156481759 0.0012458425454822375 0.0003929711810305773 -0.0007549677233820715 0.0003929711810305773 0.0014688473530439059
1645734895.9595335 -9.013696266274557 -8.872682166349975 0.6221175601566062 0.0003740629807265438 -1.7360464360673137e-05 -0.00021358944442184067 -1.7360464360673137e-05 0.0003320637633541386 0.00011931560841858757 -0.00021358944442184067 0.00011931560841858757 0.00039314224868714843
1645734896.1595333 -9.014291036866572 -8.874244217188213 0.6211521241127861 0.00029106901899205573 9.626378549176466e-06 -5.011564801143781e-05 9.626378549176466e-06 0.0002932104609009079 0.00019584345105857194 -5.011564801143781e-05 0.00019584345105857194 0.00030531225449704016
1645734896.3595333 -9.014825866726712 -8.87289540481801 0.6239073720247174 0.0001872641673008601 -6.657076174031913e-05 -0.00012127458188849228 -6.657076174031913e-05 0.0002815623935850464 9.18514567990921e-05 -0.00012127458188849228 9.18514567990921e-05 0.00030588195963190257
1645734896.5595334 -9.012775527922672 -8.872877513830156 0.6210138368658807 0.0002904006803163908 -6.461864495588785e-07 -7.344489954739836e-05 -6.461864495588785e-07 0.00026900258534460944 0.00018351849931068264 -7.344489954739836e-05 0.00018351849931068264 0.0003124019518406677
1645734896.7595334 -9.013304073494275 -8.872428455128151 0.6228374538365294 0.0001998017584430002 -3.0360970875754206e-05 -0.00011297957642177016 -3.0360970875754206e-05 0.0003094053216656147 9.401125290620967e-05 -0.00011297957642177016 9.401125290620967e-05 0.00028087542759228903
1645734896.9595335 -9.014868447471663 -8.872884034333502 0.6198509304497059 0.0002736348870834483 -1.8329868146318583e-05 -6.621089137657697e-05 -1.8329868146318583e-05 0.00024883291522768465 0.00017428429372275193 -6.621089137657697e-05 0.00017428429372275193 0.00028548829657676177
1645734897.1595333 -9.013990862069791 -8.870139234539065 0.6214205559871232 0.0002632236560485284 -5.252976399859118e-05 -0.0001127322193132704 -5.252976399859118e-05 0.00025778021452813445 9.935609371592505e-05 -0.0001127322193132704 9.935609371592505e-05 0.0002458961939119426
1645734897.3595333 -9.014194404858687 -8.873653995355635 0.6220294952964803 0.00026154446421398903 8.187926446116932e-06 -6.629911287317967e-05 8.187926446116932e-06 0.00023817186397397065 0.0001485536243859764 -6.629911287317967e-05 0.0001485536243859764 0.0002507532610203093
1645734897.5595334 -9.014857880391588 -8.870315199964876 0.6234842447379988 0.0001980102501539511 -8.03092580727158e-05 -8.74672709853326e-05 -8.03092580727158e-05 0.0002831137212647553 0.00010110757845424425 -8.74672709853326e-05 0.00010110757845424425 0.00021941503268619757
1645734897.7595334 -9.015898134068657 -8.870200871725348 0.6247377569610851 0.0002712021935254121 2.97398755548678e-07 -1.8945194600938742e-05 2.97398755548678e-07 0.000161088729252085 9.932477691942861e-05 -1.8945194600938742e-05 9.932477691942861e-05 0.00020800236040712514
1645734897.9595335 -9.013751745852105 -8.875131698183987 0.6227744863138994 0.0002889374651321609 -0.00014347778775086664 -0.00015425367563854706 -0.00014347778775086664 0.00040286015306557286 8.37812005030927e-05 -0.00015425367563854706 8.37812005030927e-05 0.0003610969316757286
1645734898.1595333 -9.013378032706214 -8.87320845853738 0.628818916052316 0.0006979173743238314 -0.00043536770256735524 -0.00011097947945661717 -0.00043536770256735524 0.0006409782578908922 0.00021079401955695825 -0.00011097947945661717 0.00021079401955695825 0.0004979229272983342
1645734898.3595333 -9.011254249940663 -8.874919681674536 0.6223444473263439 0.00040407746325110287 -0.00022133898386288275 -0.00017782922952329906 -0.00022133898386288275 0.0005001025998627835 0.00013065809431932304 -0.00017782922952329906 0.00013065809431932304 0.00041225683549740987
1645734898.5595334 -9.015684717330817 -8.871479395125146 0.622690467926894 0.00028638361332516477 2.2308816133054147e-05 -7.751965781424736e-05 2.2308816133054147e-05 0.00022129234825791762 0.0001698400015204125 -7.751965781424736e-05 0.0001698400015204125 0.00030222645460676093
1645734898.7595334 -9.013954409435344 -8.870721822124823 0.6220299616399436 0.0002344739705738621 -8.308746703831033e-05 -0.00012833735968573556 -8.308746703831033e-05 0.00026195362273036775 8.077923096458046e-05 -0.00012833735968573556 8.077923096458046e-05 0.00025285202729491635
1645734898.9595335 -9.013162577770407 -8.873409882835638 0.6162306147065396 0.0002745257346697893 -1.3379475331219613e-05 -2.818666535411828e-05 -1.3379475331219613e-05 0.00021947701362083906 0.00013523885101781886 -2.818666535411828e-05 0.00013523885101781886 0.00025042876303026074
1645734899.1595333 -9.012976752706637 -8.872266187346053 0.6253547403729098 0.0002320811062076879 -7.32930819441262e-05 -9.485385459505643e-05 -7.32930819441262e-05 0.0002894622804565879 9.183734127333844e-05 -9.485385459505643e-05 9.183734127333844e-05 0.0002705021080999152
1645734899.3595333 -9.013945466238567 -8.871185731060196 0.6228964262218019 0.00034717372247709865 -1.8321466765427382e-05 -7.853270476228461e-05 -1.8321466765427382e-05 0.0002461921411936148 0.00020025754215811977 -7.853270476228461e-05 0.00020025754215811977 0.00033212412339739234
1645734899.5595334 -9.015207311964634 -8.872352485430055 0.6231265568701599 0.0002020256725136403 -3.7748279616508643e-06 -0.00010157836827547538 -3.7748279616508643e-06 0.00028478320892626993 6.675953667508468e-05 -0.00010157836827547538 6.675953667508468e-05 0.00022318988940648967
1645734899.7595334 -9.014253203871267 -8.87128156437901 0.6236579239034477 0.0003595696427160246 2.47848563613659e-05 -7.822308232345983e-05 2.47848563613659e-05 0.0002069061543710135 0.0001381826254583808 -7.822308232345983e-05 0.0001381826254583808 0.0002627818695961938
1645734899.9595335 -9.016443560752721 -8.870150130820996 0.6238283020033224 0.00022214994780678988 -3.311980409627138e-05 -0.0001094901910397756 -3.311980409627138e-05 0.00024974573033833853 8.82453589492026e-05 -0.0001094901910397756 8.82453589492026e-05 0.00023937577970662365
1645734900.1595333 -9.014708340259808 -8.871539605514915 0.6209974720408521 0.00028386231809798617 2.0210821769751705e-05 -3.67167083932341e-05 2.0210821769751705e-05 0.0002212397359993844 0.00013710854648275064 -3.67167083932341e-05 0.00013710854648275064 0.0002578123155988565
1645734900.3595333 -9.01485212966295 -8.871097529919972 0.6234714317253673 0.00024959916751314456 -8.869051615665257e-05 -0.00013965807908048985 -8.869051615665257e-05 0.00033246929875444296 9.281800270799323e-05 -0.00013965807908048985 9.281800270799323e-05 0.0002533440607453409
1645734900.5595334 -9.011445264466307 -8.873989529089878 0.6204853668628817 0.00022998537987602006 2.323199243509546e-05 -2.170912996175226e-05 2.323199243509546e-05 0.0002759986018246683 0.0001673414105845563 -2.170912996175226e-05 0.0001673414105845563 0.00026350536665710976
1645734900.7595334 -9.014189804574322 -8.871947991678319 0.6211796398187218 0.00020766748274133332 -5.476979502844028e-05 -7.952592747176963e-05 -5.476979502844028e-05 0.0002672314660064164 7.366351188347181e-05 -7.952592747176963e-05 7.366351188347181e-05 0.0002129759301121126
1645734900.9595335 -9.01505283914792 -8.871594662150189 0.6235068535019882 0.0002893634616235918 -2.3210395733116225e-05 -3.094857553961011e-05 -2.3210395733116225e-05 0.0002328235574909634 0.00014681721553767634 -3.094857553961011e-05 0.00014681721553767634 0.00020327290305751681
1645734901.1595333 -9.014889092575068 -8.872539005549068 0.6252880497639434 0.00024252342999284463 -3.5200427622265575e-05 -0.00015833378580171125 -3.5200427622265575e-05 0.0002457807336488814 7.950762711083414e-05 -0.00015833378580171125 7.950762711083414e-05 0.0002868263042068522
1645734901.3595333 -9.016002379949297 -8.872280866641733 0.6210204971733743 0.0002781678685700737 3.0344126275805458e-05 -4.5357076138176004e-05 3.0344126275805458e-05 0.00024868466182214303 0.00018552467938479504 -4.5357076138176004e-05 0.00018552467938479504 0.0003506146169626717
1645734901.5595334 -9.00810159821222 -8.871234224285864 0.6166214667632505 0.0009083634244600287 -4.247838229198101e-05 -0.0006542700281019284 -4.247838229198101e-05 0.0012666244480029829 0.0004945913696528202 -0.0006542700281019284 0.0004945913696528202 0.0011516055366728752
1645734901.7595334 -9.01178682031558 -8.870710108854807 0.6210939020902339 0.0012553890590609696 5.605382549296741e-06 -0.0008074853903946518 5.605382549296741e-06 0.001216615397170954 0.00038242281233048916 -0.0008074853903946518 0.00038242281233048916 0.001277684503438359
1645734901.9595335 -9.015285649132139 -8.874391711316342 0.6226271376834185 0.0002766268186912479 -7.884970628694332e-05 -0.00014435709905382608 -7.884970628694332e-05 0.00047312291253804255 0.00011622249085818998 -0.00014435709905382608 0.00011622249085818998 0.00031944247330433455
1645734902.1595333 -9.014922870403927 -8.870824366657622 0.6239189991342029 0.00037281434621413935 4.1848660468693276e-05 -5.914726669379526e-05 4.1848660468693276e-05 0.00024204775726742892 0.0001440683250854812 -5.914726669379526e-05 0.0001440683250854812 0.0002863692002650784
1645734902.3595333 -9.015653682975561 -8.870540681509901 0.6227986325725738 0.00024264746459121727 -9.623916142697927e-05 -0.0001506523266313175 -9.623916142697927e-05 0.00024845762233760137 0.00013503699020319125 -0.0001506523266313175 0.00013503699020319125 0.0003298927180361404
1645734902.5595334 -9.014638039808633 -8.874020890042226 0.6217769696482052 0.00025404305227433283 -3.540737700949614e-05 -6.0212347192004834e-05 -3.540737700949614e-05 0.0002372202526066058 0.0002017085907909223 -6.0212347192004834e-05 0.0002017085907909223 0.0003265632227804138
1645734902.7595334 -9.014401943666714 -8.873392041207678 0.6225137289689072 0.0002595903595325515 -2.040581770279642e-05 -9.56637089425417e-05 -2.040581770279642e-05 0.00028864089598561686 8.559691757585289e-05 -9.56637089425417e-05 8.559691757585289e-05 0.00027661812042148194
1645734902.9595335 -9.009018297564241 -8.872705787839784 0.6215272474568172 0.0012922136999544219 -9.785776454669967e-05 -0.0001987708941719467 -9.785776454669967e-05 0.000932956956878433 0.000800312208643183 -0.0001987708941719467 0.000800312208643183 0.0013110411707023591
1645734903.1595333 -9.020189669901017 -8.86909428680465 0.6245560265942363 0.0013686202643944517 0.00011625934253454446 -0.00017798887684223946 0.00011625934253454446 0.0015629090949232083 0.0011324933727947539 -0.00017798887684223946 0.0011324933727947539 0.0017524579140074873
1645734903.3595333 -9.019741818253333 -8.870929857716572 0.6231149007083076 0.0006580885490048517 -9.61095664695067e-06 -7.333619906733018e-05 -9.61095664695067e-06 0.000473138375511593 0.0003015544576712658 -7.333619906733018e-05 0.0003015544576712658 0.00048498490365864573
1645734903.5595334 -9.014750169562227 -8.871415778888727 0.622637568500361 0.0002790952844076929 -8.258828925744058e-05 -0.00017283758232533122 -8.258828925744058e-05 0.00023705244883285578 0.00010174946859771357 -0.00017283758232533122 0.00010174946859771357 0.0003277659656517592
1645734903.7595334 -9.017803411145367 -8.871306934352079 0.6225585393880768 0.00040392722899213363 4.805761091925832e-05 -5.815808425362817e-05 4.805761091925832e-05 0.0003050089529010796 0.0001336688913469817 -5.815808425362817e-05 0.0001336688913469817 0.00021599974591022836
1645734903.9595335 -9.015100098468928 -8.871743960705263 0.6224293139135774 0.00025909277357342157 -4.0232418951540855e-05 -0.00013818066225060313 -4.0232418951540855e-05 0.00030311124965471146 9.642245181166396e-05 -0.00013818066225060313 9.642245181166396e-05 0.0002791020275069016
1645734904.1595333 -9.013325349787554 -8.871808409765645 0.6235139989696016 0.00026846400799622293 1.1827051505871685e-05 -7.3708275079484e-05 1.1827051505871685e-05 0.0002444363281324281 0.00014080606310066005 -7.3708275079484e-05 0.00014080606310066005 0.0002569959085318172
1645734904.3595333 -9.01521001450519 -8.87324659059277 0.6221538049772503 0.0001879130875042206 -5.310113575472958e-05 -8.542186297995366e-05 -5.310113575472958e-05 0.00023874592708690644 5.316022664432598e-05 -8.542186297995366e-05 5.316022664432598e-05 0.00023053092680672276
1645734904.5595334 -9.014708371728942 -8.870842522993867 0.6235554413263853 0.0002930252581156741 6.144287733750959e-05 1.132922285497905e-06 6.144287733750959e-05 0.0002800408754496232 0.00018083756571654337 1.132922285497905e-06 0.00018083756571654337 0.00026272677914553847
1645734904.7595334 -9.01638957257086 -8.874745730228662 0.621895123890194 0.0002540411011016586 -5.539506698092305e-05 -0.0001138865878706783 -5.539506698092305e-05 0.0001887150918860044 3.594030495962314e-05 -0.0001138865878706783 3.594030495962314e-05 0.0002282494397145363
1645734904.9595335 -9.015821976542368 -8.870610326020005 0.6225741207571128 0.00029057061023560524 1.0899037801681261e-05 -7.007185054694059e-05 1.0899037801681261e-05 0.00028604310975237487 0.00020103910144208775 -7.007185054694059e-05 0.00020103910144208775 0.00032813910315295094
1645734905.1595333 -9.012967448728023 -8.873595772608981 0.6201507106524139 0.00020478789921516644 -3.664789682636287e-05 -0.00010620797572849562 -3.664789682636287e-05 0.0002815156848804745 6.217085089155685e-05 -0.00010620797572849562 6.217085089155685e-05 0.0002426288367617539
1645734905.3595333 -9.016193779869567 -8.870673290665824 0.6247791357068121 0.00031759505529631147 3.879958657767173e-05 -4.496431242234141e-05 3.879958657767173e-05 0.00024633226826711744 0.00017515055366631386 -4.496431242234141e-05 0.00017515055366631386 0.000274180448254145
1645734905.5595334 -9.015336075562955 -8.871640097142805 0.624033614326084 0.0002608324396552204 -6.998473217881459e-05 -0.00011829143429211418 -6.998473217881459e-05 0.0002812173327074625 0.00010792373940548126 -0.00011829143429211418 0.00010792373940548126 0.0002727761685755652
1645734905.7595334 -9.012858755630765 -8.872557648773693 0.6195197414795385 0.00030083827765989914 -2.595691844504288e-05 -9.780461140346577e-05 -2.595691844504288e-05 0.00022261131261782326 0.00013451968715838446 -9.780461140346577e-05 0.00013451968715838446 0.00025067367817691147
1645734905.9595335 -9.013839079580674 -8.87411405675201 0.6210900214247904 0.00023128934654399535 -4.734345810211277e-05 -0.00010398073409099508 -4.734345810211277e-05 0.00027133727183006846 7.419197897265314e-05 -0.00010398073409099508 7.419197897265314e-05 0.00023590474939466855
1645734906.1595333 -9.016160346435719 -8.874171788015797 0.6226820258586688 0.0002484402677174497 3.848176805295166e-05 -5.3356344287994424e-05 3.848176805295166e-05 0.0002078645306048121 0.00010861018137033553 -5.3356344287994424e-05 0.00010861018137033553 0.0002126433451430602
1645734906.3595333 -9.014246798245859 -8.870585248475953 0.6251332885675056 0.0001961307058034841 9.965163409303159e-06 -0.000108411263287153 9.965163409303159e-06 0.00023267955387718924 3.4641131620547546e-05 -0.000108411263287153 3.4641131620547546e-05 0.000222749976605542
1645734906.5595334 -9.015782684588874 -8.871906045551928 0.6242733178499045 0.000277398089263567 3.4770021392669734e-05 -4.589164143045041e-05 3.4770021392669734e-05 0.00023636051865650714 0.00015594423985286073 -4.589164143045041e-05 0.00015594423985286073 0.0002294224744545084
1645734906.7595334 -9.014619605840519 -8.874102884727044 0.62464432522894 0.0002093913472705049 -6.918536176765153e-05 -0.00010056283062600547 -6.918536176765153e-05 0.00023949848996420283 5.538159435843546e-05 -0.00010056283062600547 5.538159435843546e-05 0.0002044284382250556
1645734906.9595335 -9.015551329827174 -8.869231811734515 0.6231975336788937 0.0002782291844447 -2.8461713218404404e-05 -6.874993526694759e-05 -2.8461713218404404e-05 0.00022294557955953762 0.00014262552622981963 -6.874993526694759e-05 0.00014262552622981963 0.00025862715657059854
1645734907.1595333 -9.00919743367292 -8.871874433345653 0.6182256556539386 0.00021518514488822984 -3.799665159697481e-05 -7.494881107759986e-05 -3.799665159697481e-05 0.0002727527685405629 8.188037435384122e-05 -7.494881107759986e-05 8.188037435384122e-05 0.00018955796073221647
1645734907.3595333 -9.023275171882657 -8.888800440017183 0.6219299989574947 0.00024274980266678658 -1.6803670104767534e-05 -6.958923481225617e-05 -1.6803670104767534e-05 0.00022306760382952284 0.00014280478228819197 -6.958923481225617e-05 0.00014280478228819197 0.00024823607938978526
1645734907.7595334 -9.145064639043156 -9.051680633907162 0.6227591816401975 0.0003103638885696973 7.516453021081015e-05 -8.95142210913021e-06 7.516453021081015e-05 0.0002728026984288868 0.00016641653674095907 -8.95142210913021e-06 0.00016641653674095907 0.0003153392774469471
1645734907.9595335 -9.223188367775014 -9.15842022115276 0.6266845161323269 0.00016502536749583843 -1.5315036369649598e-06 -5.810441307757561e-05 -1.5315036369649598e-06 0.00023623746552057669 5.250330482895525e-05 -5.810441307757561e-05 5.250330482895525e-05 0.000250401074439593
1645734908.1595333 -9.30637329894242 -9.261802382978619 0.6407750143412517 0.0002952474517462059 2.0769173143375458e-05 -8.905840432250892e-05 2.0769173143375458e-05 0.000216957139257589 0.00018302305746431034 -8.905840432250892e-05 0.00018302305746431034 0.00034033920306150646
1645734908.3595333 -9.387987157989027 -9.364576096632112 0.6519750628206269 0.000216234178273119 -6.555088970483477e-05 -9.846630721851793e-05 -6.555088970483477e-05 0.0002637514023932138 0.00010411265488733622 -9.846630721851793e-05 0.00010411265488733622 0.00025205166070157346
1645734908.5595334 -9.479245051371676 -9.489256555305094 0.6538056312383361 0.00023350967639189208 -2.1124779473980786e-05 -7.351744393992845e-05 -2.1124779473980786e-05 0.00021161503673102505 0.00016147538909425154 -7.351744393992845e-05 0.00016147538909425154 0.0002772415063997792
1645734908.7595334 -9.587288344394373 -9.621553307829997 0.6543607451690098 0.00021798621776893248 -6.536613795349488e-05 -0.00011714930491731622 -6.536613795349488e-05 0.00021560773039871851 4.627354830966746e-05 -0.00011714930491731622 4.627354830966746e-05 0.00022656530032511427
1645734908.9595335 -9.696286057747743 -9.757218149321966 0.6505998065534153 0.00026979106949124785 -8.713682570520563e-06 -7.091258737057755e-05 -8.713682570520563e-06 0.0002300924772662927 0.00015881085445602962 -7.091258737057755e-05 0.00015881085445602962 0.0002680233035030362
1645734909.1595333 -9.794002687832217 -9.8823840150879 0.656634775814309 0.0002212455357813738 -3.8075506433555225e-05 -0.00010909457247638392 -3.8075506433555225e-05 0.00032314334576365655 0.00010741107620803295 -0.00010909457247638392 0.00010741107620803295 0.0002376255917452612
1645734909.3595333 -9.883667520230567 -9.99433102426192 0.6693357326336438 0.00025642149995584967 3.062766467925252e-05 2.739227842370338e-05 3.062766467925252e-05 0.0002392254453629342 0.000146947226604604 2.739227842370338e-05 0.000146947226604604 0.00022833662590263573
1645734909.5595334 -9.97739316001022 -10.09871788550979 0.68599003497002 0.00017256817509642754 -4.309327172921063e-05 -7.915743038861487e-05 -4.309327172921063e-05 0.000245629556233772 0.00011510257741794765 -7.915743038861487e-05 0.00011510257741794765 0.00026564605536266456
1645734909.7595334 -10.085964074252923 -10.198793885749017 0.6952889952982819 0.00021966606829798926 -3.0981704936023326e-05 -4.1311786367097e-05 -3.0981704936023326e-05 0.00031861229368966484 0.0003014658634422077 -4.1311786367097e-05 0.0003014658634422077 0.0004140553425550787
1645734910.1595333 -10.31584848014751 -10.396930402771774 0.6941615716672824 0.0003780528209195602 -1.4705958622216315e-05 -6.556222727254053e-05 -1.4705958622216315e-05 0.00035706200883118156 0.00018858445578657645 -6.556222727254053e-05 0.00018858445578657645 0.0003165121913164462
1645734910.3595333 -10.405187935816553 -10.476557598626886 0.6990472291889749 0.0022534652381404428 4.823264250957508e-05 -0.0017156978544954123 4.823264250957508e-05 0.002142269723843978 0.0010278525803969804 -0.0017156978544954123 0.0010278525803969804 0.002849027519869419
1645734910.5595334 -10.473531088763469 -10.555999725276024 0.6984134136860004 0.007386652113280259 -0.0004606681536946598 -0.004268631047756029 -0.0004606681536946598 0.006931174130167618 0.0039746001297688 -0.004268631047756029 0.0039746001297688 0.007749726664806937
1645734910.7595334 -10.538586323797054 -10.613723737282506 0.7240411782635069 0.011784697950466303 0.0016069793607053984 -0.0045220014324703715 0.0016069793607053984 0.010232043094905179 0.0060641208603015445 -0.0045220014324703715 0.0060641208603015445 0.009469625432389953
1645734910.9595335 -10.57589248925351 -10.684309048474962 0.7613433614934361 0.015911734359532703 -0.002069066933955923 -0.00631639438013011 -0.002069066933955923 0.009169207343739999 0.0074069064676086155 -0.00631639438013011 0.0074069064676086155 0.014802632230441098
1645736727.3595333 -47.42835475475018 -79.07877200978704 0.7008413084422384 0.0008983518931114118 -7.246070943486233e-05 0.0005211498645053711 -7.246070943486233e-05 0.0009116465792683755 0.00026876940939999733 0.0005211498645053711 0.00026876940939999733 0.0007508706290051105
1645736727.5595334 -47.561469611871715 -79.00800615095284 0.6948178179681689 0.0022389670361443255 -0.0004416592988176561 -0.00043411697186785086 -0.0004416592988176561 0.0019446278078087402 0.0011196486870909486 -0.00043411697186785086 0.0011196486870909486 0.0013585186230873959
1645736727.7595334 -47.90343459056596 -78.8615615542906 0.7385290540523575 0.0065356570755009495 -0.00018839435966292893 -0.0005050973507274186 -0.00018839435966292893 0.005118745069242917 0.004697316528835034 -0.0005050973507274186 0.004697316528835034 0.008133343708428753
1645736727.9595335 -48.07887488117637 -78.70563298930726 0.8711130334600351 0.008225484739250149 0.0016562267736776194 0.002246388107536881 0.0016562267736776194 0.002540929333527715 0.0010466190702633194 0.002246388107536881 0.0010466190702633194 0.0035523717844994297
1645736728.1595333 -48.04404030297439 -78.6849900764991 0.8723517972585862 0.006333932375071142 0.0011881619011946953 0.001019934951122859 0.0011881619011946953 0.0011503180653729542 0.0007457600576696988 0.001019934951122859 0.0007457600576696988 0.0019555720655118794
1645736728.3595333 -47.943175842277505 -78.70070512575118 0.8480091940696916 0.0016792686011248546 -3.689235618324979e-05 0.0004962505854321714 -3.689235618324979e-05 0.0003821032271874969 0.00020930282662092516 0.0004962505854321714 0.00020930282662092516 0.0008806705345130074
